communities
2	29
12	56
16	59
18	15
19	43
20	30
21	29
22	29
23	49
27	40
29	33
30	29
31	2
33	61
34	21
36	7
37	9
38	59
39	41
40	17
41	43
47	2
48	33
50	2
51	42
52	40
58	17
59	59
60	59
70	25
71	17
72	59
81	17
87	4
88	1
89	17
90	42
91	42
95	49
102	43
103	61
104	61
108	32
111	32
112	43
114	31
115	35
117	17
118	17
119	29
120	17
128	43
142	60
156	1
159	59
160	17
161	17
162	17
163	17
164	17
176	40
177	40
178	59
191	72
203	35
205	40
207	1
208	1
213	29
214	40
215	38
216	49
217	49
219	2
223	49
224	33
225	38
226	2
229	1
230	2
249	71
259	29
271	31
273	15
274	25
286	17
287	7
288	31
291	4
292	59
293	59
301	49
302	49
306	49
307	48
308	56
309	41
310	48
311	61
316	43
317	42
321	40
322	61
324	7
327	35
334	59
335	29
337	29
338	49
347	29
348	29
350	15
351	29
355	40
357	40
358	32
361	2
369	72
372	51
375	29
377	33
378	59
381	35
382	49
387	40
388	15
389	15
391	15
392	15
394	59
396	15
400	35
402	30
403	35
405	42
408	59
421	43
427	33
439	2
440	49
444	2
445	7
462	40
463	40
471	40
472	60
476	49
477	59
478	35
479	29
480	59
481	40
482	51
483	29
487	31
488	38
489	49
490	38
491	43
492	43
493	43
495	35
498	59
501	7
506	72
509	49
513	2
514	38
515	29
521	72
522	60
523	35
525	35
526	38
527	31
528	30
529	35
534	35
535	38
537	35
539	49
540	29
545	60
546	60
547	32
563	71
572	1
575	43
576	43
577	43
599	35
607	29
610	40
613	15
617	72
622	60
633	41
636	35
641	60
642	29
644	33
645	59
657	42
664	35
667	17
670	39
672	60
673	1
675	2
682	35
708	59
712	29
713	29
714	59
718	29
721	7
722	72
727	29
738	35
740	59
747	33
752	17
759	38
760	59
762	40
767	40
773	32
774	32
775	48
777	25
779	59
781	56
782	42
784	48
785	1
788	61
790	72
793	40
794	42
800	71
801	17
808	17
810	17
811	49
813	72
814	42
815	42
816	42
817	42
818	17
821	49
822	49
823	25
824	1
826	72
829	17
830	17
832	17
833	15
847	40
871	2
873	49
874	56
889	33
901	30
908	72
928	40
950	35
961	35
966	17
975	59
987	41
988	61
989	25
998	15
1000	43
1002	51
1004	1
1005	1
1006	1
1007	1
1008	1
1009	43
1012	7
1013	42
1020	42
1025	61
1062	7
1063	60
1069	72
1072	17
1073	17
1080	31
1105	60
1108	60
1109	41
1123	1
1128	29
1130	59
1131	7
1147	1
1152	2
1153	61
1155	15
1159	55
1160	48
1173	17
1174	17
1175	17
1176	35
1181	42
1182	40
1185	30
1186	38
1191	41
1200	56
1211	17
1212	17
1213	17
1264	17
1266	72
1267	33
1268	32
1271	15
1272	1
1277	40
1278	35
1282	40
1284	40
1291	72
1292	7
1293	1
1302	48
1312	49
1314	51
1315	29
1327	38
1329	38
1337	15
1340	38
1345	7
1347	2
1356	29
1362	35
1363	30
1368	17
1374	72
1376	39
1384	42
1386	49
1387	60
1388	33
1397	40
1398	15
1399	40
1400	48
1404	29
1410	42
1428	41
1429	49
1431	49
1434	72
1436	40
1445	40
1452	7
1453	7
1454	7
1455	29
1456	17
1457	61
1459	61
1460	31
1462	40
1463	40
1464	43
1465	4
1468	51
1471	29
1487	60
1488	60
1495	1
1496	1
1499	1
1500	40
1501	29
1503	59
1509	49
1523	60
1525	61
1528	2
1537	49
1540	7
1545	41
1595	40
1600	41
1603	30
1605	40
1607	32
1608	29
1609	33
1610	1
1612	17
1613	17
1615	59
1620	60
1622	29
1627	17
1629	7
1630	59
1632	29
1639	7
1641	7
1642	59
1645	59
1650	49
1652	55
1653	59
1654	71
1655	61
1656	59
1657	38
1660	61
1662	59
1665	59
1666	59
1674	25
1678	2
1717	7
1723	29
1727	7
1728	42
1729	15
1730	61
1731	25
1737	49
1738	49
1739	43
1740	43
1741	43
1742	43
1743	3
1755	51
1756	43
1759	15
1762	38
1763	60
1767	71
1778	7
1780	7
1781	7
1783	7
1785	15
1786	60
1793	15
1794	15
1795	15
1804	43
1808	17
1809	17
1819	7
1821	40
1828	59
1832	59
1837	31
1838	31
1845	29
1846	1
1854	56
1855	7
1856	7
1857	7
1859	7
1891	7
1892	25
1901	32
1915	59
1917	59
1933	59
1936	59
1937	59
1938	59
1947	43
1948	40
1951	17
1952	7
1954	33
1956	40
1958	2
1965	71
1968	59
1969	40
1973	71
1974	71
1975	59
1977	71
1981	71
1982	71
1983	2
1984	2
1993	61
1994	35
1995	29
1996	61
2009	72
2010	72
2011	31
2017	17
2020	61
2021	72
2023	60
2026	59
2027	2
2033	60
2035	49
2036	42
2037	31
2038	17
2039	33
2040	17
2042	40
2043	40
2044	40
2045	43
2046	40
2047	40
2048	40
2049	40
2050	45
2051	32
2053	29
2058	72
2059	31
2060	17
2066	40
2079	59
2098	15
2107	42
2108	51
2109	51
2110	54
2125	8
2130	61
2132	48
2150	35
2152	35
2157	49
2170	38
2171	49
2173	40
2177	60
2180	35
2181	29
2182	55
2184	40
2185	40
2193	2
2194	59
2197	59
2224	29
2235	59
2239	2
2242	40
2243	49
2244	49
2245	15
2247	61
2257	43
2261	42
2263	40
2266	49
2268	40
2271	49
2273	55
2274	25
2280	42
2281	32
2286	33
2287	17
2288	42
2290	60
2314	17
2316	17
2317	17
2318	1
2319	17
2321	40
2324	40
2332	71
2335	59
2475	41
2495	35
2512	35
2521	59
2530	35
2531	35
2533	1
2534	40
2539	7
2547	60
2550	40
2554	49
2556	40
2557	43
2560	59
2562	40
2571	40
2572	40
2580	17
2581	1
2584	29
2590	29
2595	60
2596	30
2597	49
2617	2
2618	59
2629	72
2631	49
2639	29
2648	60
2661	48
2664	35
2665	35
2670	29
2673	1
2674	41
2675	59
2697	40
2710	29
2730	49
2731	38
2734	41
2743	9
2744	49
2745	1
2746	72
2752	53
2764	1
2767	35
2768	32
2770	32
2771	32
2773	32
2774	7
2775	32
2776	32
2778	32
2780	29
2781	42
2782	32
2783	32
2784	32
2785	32
2786	32
2788	32
2794	35
2800	35
2801	35
2802	7
2803	29
2804	7
2805	33
2806	49
2810	59
2817	57
2819	1
2820	29
2821	49
2823	38
2824	42
2840	1
2870	42
2873	59
2876	7
2879	49
2885	15
2887	40
2890	43
2891	43
2892	43
2893	43
2895	43
2897	43
2898	43
2899	43
2900	35
2901	43
2902	17
2903	43
2904	43
2905	43
2906	43
2909	15
2911	1
2912	43
2913	43
2915	40
2917	43
2923	40
2926	59
2931	1
2932	1
2934	17
2936	3
2944	29
2946	29
2947	29
2949	29
2950	59
2957	61
2969	61
2975	35
2977	43
2983	43
2987	2
2992	41
2997	41
3000	40
3005	42
3006	59
3007	59
3008	59
3009	59
3012	59
3014	60
3015	60
3018	60
3020	60
3021	60
3024	59
3028	49
3029	41
3030	49
3032	48
3033	29
3035	2
3039	59
3043	59
3045	59
3050	59
3054	60
3055	40
3064	1
3066	60
3069	61
3070	60
3071	61
3074	56
3075	29
3092	17
3094	61
3096	32
3097	72
3098	49
3099	40
3141	31
3146	49
3148	17
3149	61
3155	33
3157	32
3159	61
3161	7
3163	29
3178	61
3181	59
3182	61
3183	61
3184	61
3185	59
3187	59
3188	59
3189	61
3190	61
3191	59
3192	59
3208	1
3240	29
3241	34
3251	59
3265	1
3267	7
3268	15
3269	15
3276	61
3280	40
3281	7
3290	30
3295	55
3299	30
3300	2
3301	72
3303	72
3304	59
3305	59
3306	2
3308	42
3309	72
3310	72
3312	72
3313	59
3315	2
3320	42
3321	72
3324	59
3326	42
3329	59
3336	49
3337	42
3339	40
3340	60
3371	59
3376	72
3382	35
3416	2
3417	33
3418	40
3419	35
3420	7
3421	7
3476	72
3482	61
3493	16
3500	49
3502	40
3503	49
3507	29
3508	59
3514	40
3547	42
3556	1
3608	61
3609	59
3611	72
3612	33
3615	59
3631	59
3632	16
3633	29
3635	40
3636	59
3643	40
3645	42
3646	71
3655	40
3667	40
3681	59
3685	40
3688	40
3691	17
3692	49
3696	40
3697	29
3700	59
3703	29
3704	33
3706	17
3708	4
3709	33
3710	4
3716	40
3718	72
3728	17
3735	49
3736	43
3737	43
3738	43
3739	43
3742	43
3745	40
3746	43
3747	43
3751	43
3752	72
3757	49
3758	31
3760	32
3761	43
3766	6
3773	6
3778	59
3779	61
3780	15
3781	17
3785	35
3786	35
3791	40
3792	2
3796	7
3797	31
3798	31
3799	31
3800	31
3801	7
3815	40
3831	31
3832	71
3836	60
3837	60
3839	60
3842	60
3843	60
3845	1
3848	59
3849	59
3851	49
3852	59
3853	7
3854	59
3855	48
3856	49
3857	59
3858	59
3860	49
3861	59
3866	7
3868	59
3872	15
3875	49
3880	7
3881	32
3882	15
3885	15
3887	15
3888	17
3889	15
3890	59
3895	7
3897	40
3908	40
3909	49
3911	40
3912	2
3913	40
3915	40
3916	61
3921	59
3925	72
3927	7
3933	61
3936	49
3939	59
3945	59
3948	61
3954	49
3956	40
3963	59
3964	43
3981	49
3983	7
3984	42
3991	2
3992	7
3996	1
4000	60
4001	56
4008	17
4012	7
4026	7
4035	40
4038	59
4040	17
4043	29
4045	29
4046	1
4062	7
4067	40
4069	2
4074	33
4076	71
4082	1
4099	40
4121	17
4128	59
4130	43
4131	49
4133	42
4134	72
4137	1
4139	31
4140	31
4141	72
4144	72
4145	42
4155	1
4157	2
4163	49
4172	60
4175	2
4190	40
4191	49
4192	1
4199	40
4200	35
4204	60
4208	60
4210	41
4214	72
4215	72
4216	1
4217	1
4218	35
4236	35
4240	56
4253	35
4259	38
4261	2
4282	59
4291	42
4294	1
4297	60
4301	15
4308	55
4318	40
4329	49
4336	29
4340	9
4351	41
4354	49
4355	31
4356	43
4357	60
4358	29
4363	71
4430	17
4437	60
4438	2
4440	59
4478	1
4509	15
4513	49
4519	38
4522	72
4528	31
4538	38
4540	38
4542	61
4547	49
4580	29
4591	7
4594	39
4599	4
4606	1
4619	49
4621	1
4622	52
4624	1
4625	2
4626	51
4627	17
4628	59
4629	17
4635	59
4637	17
4638	17
4641	17
4642	2
4643	17
4644	17
4645	17
4646	17
4647	41
4649	7
4650	30
4651	17
4659	17
4660	17
4666	49
4670	59
4671	1
4673	59
4676	59
4677	7
4684	40
4691	59
4694	7
4695	38
4696	38
4697	49
4698	38
4700	38
4701	38
4702	38
4704	38
4705	38
4706	38
4707	38
4709	38
4710	38
4711	38
4712	38
4713	38
4714	38
4715	38
4716	38
4718	38
4719	38
4720	38
4722	38
4723	38
4724	38
4725	38
4726	38
4728	38
4729	38
4731	38
4733	61
4734	40
4735	25
4736	59
4741	61
4744	15
4747	7
4750	31
4756	40
4763	29
4774	6
4775	1
4776	1
4783	55
4794	72
4798	2
4815	35
4817	60
4820	7
4830	35
4831	2
4832	29
4836	7
4839	59
4841	61
4842	43
4846	29
4853	1
4856	59
4857	61
4868	15
4869	59
4881	29
4882	42
4884	35
4892	17
4893	1
4897	1
4900	22
4904	61
4905	35
4907	35
4915	40
4916	40
4924	32
4926	60
4928	60
4940	59
4942	49
4952	35
4957	7
4967	3
4976	35
4978	32
4983	15
4998	2
4999	60
5007	38
5019	38
5027	43
5034	72
5036	59
5037	1
5042	61
5048	7
5049	49
5050	48
5052	59
5058	15
5062	15
5063	15
5064	17
5066	41
5073	71
5091	2
5093	61
5094	61
5095	2
5097	29
5099	17
5101	29
5106	29
5108	7
5110	2
5116	7
5119	35
5121	2
5127	31
5128	31
5129	32
5136	29
5138	42
5141	40
5142	29
5144	40
5152	42
5153	2
5156	40
5160	49
5162	49
5163	41
5164	49
5165	49
5168	17
5170	1
5178	2
5192	29
5193	29
5195	72
5204	2
5205	35
5208	2
5211	59
5213	61
5214	72
5216	49
5217	25
5218	31
5223	2
5224	2
5226	49
5230	49
5245	72
5250	59
5269	15
5270	35
5286	17
5289	33
5290	1
5291	40
5294	1
5295	40
5297	47
5300	61
5304	2
5305	51
5306	35
5310	40
5313	15
5315	59
5317	49
5318	59
5321	17
5327	49
5332	17
5333	30
5335	40
5336	40
5337	40
5338	40
5339	17
5341	16
5354	1
5358	71
5361	40
5362	40
5364	40
5365	1
5372	32
5411	61
5413	25
5414	25
5424	61
5426	2
5430	60
5431	60
5442	59
5445	30
5447	49
5464	49
5478	59
5479	49
5481	1
5493	8
5498	29
5499	4
5500	17
5501	17
5504	17
5510	4
5515	30
5516	30
5518	30
5519	30
5520	72
5522	72
5524	72
5525	30
5526	30
5527	30
5528	30
5529	30
5530	1
5531	72
5532	59
5533	1
5534	1
5536	42
5537	72
5538	49
5549	38
5550	49
5562	31
5563	41
5565	1
5566	42
5567	42
5571	41
5573	41
5575	42
5576	7
5577	42
5578	40
5579	1
5580	40
5581	1
5582	43
5584	1
5585	1
5586	1
5587	1
5588	1
5589	72
5590	1
5591	60
5593	42
5594	1
5595	1
5599	1
5600	1
5601	1
5602	1
5603	1
5604	1
5605	1
5606	1
5609	1
5610	71
5611	72
5613	42
5621	42
5629	60
5630	48
5631	2
5634	2
5636	2
5649	59
5654	29
5660	2
5662	42
5663	29
5682	2
5683	2
5684	2
5685	2
5686	2
5687	2
5688	2
5689	2
5690	2
5691	2
5692	2
5693	2
5694	2
5695	2
5700	2
5701	2
5702	2
5704	2
5705	2
5706	2
5707	2
5708	2
5709	3
5710	2
5711	2
5713	2
5714	2
5715	7
5716	2
5717	2
5718	2
5719	2
5725	61
5728	59
5730	42
5738	72
5747	40
5754	1
5756	17
5757	60
5764	1
5780	35
5781	40
5783	1
5786	40
5787	1
5789	30
5791	1
5792	30
5793	43
5795	40
5797	59
5798	1
5799	9
5802	30
5803	1
5813	59
5814	59
5818	43
5825	38
5828	29
5830	29
5831	72
5833	48
5834	51
5836	51
5837	15
5859	48
5860	59
5861	35
5862	7
5864	29
5865	35
5867	35
5868	35
5869	35
5870	35
5872	35
5874	4
5875	35
5878	38
5879	15
5880	15
5881	59
5894	1
5898	30
5901	60
5902	49
5903	60
5905	60
5906	32
5908	49
5909	32
5910	32
5911	33
5912	56
5917	72
5921	40
5923	1
5924	1
5927	60
5932	60
5955	72
5962	40
5966	25
5976	71
5980	60
5981	60
5983	2
5999	32
6000	42
6002	32
6009	40
6011	42
6041	17
6050	2
6059	56
6091	57
6092	30
6093	25
6102	35
6117	61
6122	59
6124	59
6125	59
6128	59
6129	59
6130	59
6132	59
6133	59
6134	59
6135	59
6136	59
6137	59
6138	59
6139	59
6141	59
6142	59
6143	59
6144	59
6146	59
6147	59
6152	59
6154	59
6155	59
6156	59
6157	59
6158	59
6159	59
6160	59
6161	59
6164	59
6165	59
6166	59
6167	72
6168	59
6169	59
6170	72
6173	59
6175	59
6176	59
6181	59
6182	59
6183	48
6184	72
6185	51
6187	59
6188	59
6189	59
6191	59
6193	59
6194	59
6195	1
6196	1
6197	1
6198	1
6201	59
6202	59
6203	59
6204	59
6205	59
6206	59
6207	59
6208	59
6209	59
6210	59
6217	59
6218	59
6222	59
6223	59
6224	59
6227	59
6228	59
6229	59
6230	59
6231	59
6232	59
6233	59
6234	59
6235	59
6238	61
6240	49
6242	40
6249	7
6252	35
6261	4
6262	42
6263	42
6271	41
6272	29
6275	41
6279	59
6280	59
6282	49
6284	64
6285	41
6293	35
6294	61
6300	1
6301	6
6305	30
6311	71
6318	49
6323	43
6324	31
6326	43
6327	35
6329	43
6334	40
6341	51
6342	35
6386	43
6388	61
6389	59
6390	59
6391	7
6396	17
6400	38
6416	1
6418	60
6421	61
6426	61
6427	61
6428	59
6432	61
6434	61
6444	1
6449	42
6451	40
6453	15
6455	15
6456	15
6457	15
6472	33
6493	42
6494	17
6499	17
6500	55
6505	40
6506	1
6507	59
6508	17
6513	49
6515	35
6520	49
6521	40
6525	61
6526	2
6529	35
6536	68
6542	38
6546	7
6548	30
6558	40
6560	40
6566	59
6576	49
6594	60
6597	60
6599	60
6601	60
6604	60
6611	1
6613	60
6616	35
6620	42
6621	61
6622	42
6623	1
6624	17
6627	61
6632	59
6634	59
6638	61
6640	43
6641	43
6642	35
6643	40
6645	43
6647	42
6648	51
6651	61
6653	31
6654	15
6655	15
6678	40
6683	3
6687	32
6697	72
6708	15
6709	17
6710	17
6711	17
6712	17
6714	40
6717	38
6726	56
6727	59
6729	56
6730	56
6731	61
6733	61
6734	29
6737	2
6738	2
6741	59
6742	59
6744	17
6745	56
6747	35
6764	17
6767	29
6768	1
6772	40
6774	40
6776	40
6778	60
6786	41
6792	15
6793	33
6794	31
6801	30
6804	35
6810	35
6812	41
6813	40
6814	35
6832	61
6833	7
6836	33
6840	17
6843	35
6844	35
6845	35
6853	40
6854	43
6855	40
6857	35
6861	35
6867	9
6872	60
6874	61
6876	17
6877	61
6885	1
6888	49
6897	49
6900	1
6904	35
6907	60
6917	60
6921	59
6923	59
6935	60
6936	61
6942	60
6949	61
6950	72
6990	7
7001	49
7011	60
7018	49
7019	59
7024	38
7037	35
7038	72
7052	29
7053	49
7057	40
7060	29
7064	15
7070	40
7074	1
7082	7
7083	48
7086	72
7087	29
7094	40
7102	32
7108	33
7109	29
7110	2
7111	17
7112	60
7114	17
7125	55
7143	40
7145	18
7153	60
7155	60
7156	61
7158	60
7159	7
7162	17
7163	59
7164	59
7165	59
7167	2
7168	17
7169	17
7170	17
7171	17
7174	7
7175	60
7178	49
7184	72
7187	1
7203	72
7204	7
7222	4
7223	4
7224	4
7247	49
7248	40
7249	31
7251	29
7260	49
7263	47
7266	42
7267	1
7276	29
7277	59
7280	72
7283	59
7284	59
7290	60
7295	49
7296	35
7301	32
7311	59
7314	2
7316	2
7317	2
7321	55
7322	42
7334	2
7335	42
7336	43
7337	2
7342	38
7343	60
7345	1
7357	35
7360	15
7368	30
7381	38
7384	38
7385	38
7386	38
7388	49
7399	60
7402	31
7407	59
7410	35
7411	2
7412	59
7414	17
7415	2
7416	31
7417	38
7419	49
7422	40
7425	49
7430	40
7431	48
7447	42
7450	49
7453	49
7454	15
7458	61
7461	7
7464	17
7466	49
7486	60
7511	1
7514	6
7515	61
7520	60
7525	40
7529	31
7531	72
7532	31
7533	31
7534	72
7535	40
7542	38
7546	35
7579	49
7586	35
7706	2
7750	60
7779	43
7781	31
7786	42
7798	7
7799	60
7803	35
7812	51
7813	3
7818	59
7837	55
7840	7
7841	51
7846	1
7857	59
7871	30
7873	35
7874	2
7879	38
7881	43
7905	29
7916	61
7917	29
7919	61
7920	71
7923	31
7965	41
7975	60
7991	72
7994	60
8027	3
8029	60
8030	30
8036	1
8050	49
8065	59
8078	3
8079	42
8085	51
8087	71
8120	17
8125	60
8140	29
8148	61
8165	42
8175	61
8202	60
8204	60
8209	29
8216	60
8224	43
8237	2
8239	6
8242	60
8243	60
8266	59
8288	40
8291	1
8294	60
8295	56
8301	17
8314	2
8317	2
8331	59
8340	59
8341	61
8342	59
8349	60
8350	60
8359	60
8362	60
8368	60
8379	7
8396	61
8398	41
8402	40
8404	40
8407	49
8408	41
8411	35
8417	35
8425	15
8428	30
8440	15
8443	29
8448	35
8450	59
8451	59
8452	59
8453	59
8454	59
8455	59
8467	60
8470	17
8473	2
8476	15
8480	60
8481	7
8482	15
8491	15
8495	30
8497	30
8499	30
8500	30
8502	35
8504	72
8506	43
8508	72
8514	43
8518	2
8520	60
8522	15
8525	43
8526	49
8533	59
8536	31
8537	7
8539	61
8540	41
8541	30
8546	31
8562	32
8565	49
8566	59
8567	35
8570	59
8573	43
8574	2
8575	71
8577	7
8601	32
8604	49
8607	60
8613	40
8615	35
8618	17
8621	72
8622	6
8623	32
8633	59
8634	59
8647	17
8650	17
8653	59
8655	7
8658	7
8659	29
8661	71
8662	71
8663	71
8664	71
8665	71
8666	71
8667	71
8668	71
8671	40
8672	71
8674	35
8675	35
8678	40
8682	1
8689	17
8722	30
8723	40
8724	49
8731	59
8736	7
8745	72
8754	15
8760	29
8761	59
8766	35
8767	2
8773	35
8774	35
8775	35
8776	2
8777	7
8785	42
8787	42
8799	29
8801	38
8802	3
8803	38
8813	51
8815	60
8825	43
8826	17
8828	29
8829	40
8831	43
8833	59
8834	35
8841	60
8842	59
8844	1
8851	32
8853	40
8861	2
8863	1
8867	15
8871	15
8874	15
8878	41
8879	33
8880	61
8887	41
8888	15
8890	35
8891	35
8892	35
8893	35
8894	61
8895	48
8897	41
8898	35
8899	61
8904	59
8907	17
8911	29
8912	5
8913	40
8914	2
8924	35
8927	30
8933	29
8936	15
8938	43
8940	63
8943	33
8975	3
8976	15
8986	1
8991	56
8997	32
8999	42
9001	29
9024	2
9026	17
9028	1
9031	60
9040	59
9043	1
9045	59
9049	42
9053	7
9054	43
9064	1
9066	61
9069	17
9079	33
9092	61
9093	42
9097	2
9100	71
9101	3
9108	30
9110	35
9114	38
9118	61
9119	59
9126	60
9131	72
9135	30
9138	1
9145	29
9146	35
9158	42
9162	32
9167	38
9181	31
9183	35
9184	61
9185	17
9196	43
9201	7
9203	29
9208	17
9209	17
9211	43
9217	38
9218	38
9223	17
9228	43
9229	15
9230	17
9231	7
9238	35
9253	17
9254	30
9255	49
9256	32
9260	17
9265	40
9266	40
9267	49
9276	51
9278	38
9296	35
9312	15
9318	59
9320	2
9321	2
9324	7
9341	35
9342	35
9343	61
9344	1
9349	59
9351	31
9352	2
9353	57
9354	38
9361	29
9362	48
9367	35
9368	40
9369	43
9371	35
9373	35
9375	29
9377	71
9378	15
9379	15
9380	49
9391	2
9392	33
9397	48
9401	48
9411	7
9414	7
9415	29
9439	56
9444	61
9445	35
9446	49
9448	30
9454	4
9455	7
9456	7
9459	15
9462	7
9463	43
9465	42
9467	17
9470	7
9472	40
9475	61
9478	7
9479	1
9481	41
9482	35
9493	7
9495	60
9497	31
9498	59
9500	51
9513	35
9515	35
9520	49
9521	1
9522	35
9524	72
9525	35
9527	35
9529	42
9531	41
9532	72
9535	42
9542	44
9545	29
9550	35
9551	72
9554	35
9555	60
9559	6
9567	59
9568	35
9570	35
9578	15
9581	31
9582	61
9584	61
9585	29
9588	59
9590	7
9600	38
9601	49
9605	3
9610	40
9611	60
9612	60
9615	43
9619	40
9620	2
9625	49
9628	32
9630	61
9631	60
9632	6
9638	1
9640	56
9644	15
9647	41
9648	35
9652	59
9653	38
9657	2
9658	56
9659	32
9662	7
9666	43
9667	61
9669	59
9672	1
9683	2
9685	17
9687	1
9690	2
9693	1
9694	61
9696	71
9699	40
9700	30
9701	33
9703	25
9706	41
9722	43
9731	7
9732	15
9733	61
9735	35
9736	7
9737	29
9738	7
9743	40
9745	33
9746	29
9747	56
9748	41
9753	32
9755	72
9757	49
9758	13
9759	60
9761	35
9762	7
9764	29
9765	3
9772	42
9774	61
9775	59
9777	47
9779	41
9780	38
9781	43
9782	61
9784	40
9786	55
9787	29
9788	7
9789	40
9791	35
9793	9
9796	64
9798	35
9801	47
9804	29
9805	35
9806	1
9810	35
9811	49
9815	15
9817	41
9820	61
9821	41
9824	17
9825	7
9826	40
9828	17
9829	72
9832	7
9839	60
9842	48
9844	15
9847	29
9849	49
9851	7
9852	4
9853	35
9858	17
9859	7
9860	72
9861	2
9863	1
9868	2
9870	42
9875	59
9891	17
9892	17
9897	6
9898	59
9899	35
9900	17
9901	7
9907	31
9908	59
9910	33
9911	29
9912	15
9917	35
9919	17
9922	29
9924	59
9926	72
9927	38
9931	17
9943	29
9946	7
9948	17
9950	35
9958	2
9961	29
9967	61
9968	56
9969	56
9972	60
9978	59
9980	40
9984	61
9987	59
9990	1
10005	25
10006	15
10007	49
10014	72
10015	40
10016	59
10021	40
10026	61
10043	3
10044	40
10048	40
10049	42
10055	41
10056	49
10058	41
10059	41
10061	71
10067	29
10072	49
10075	2
10076	40
10079	48
10082	35
10092	17
10093	17
10094	17
10096	17
10097	17
10100	15
10102	49
10105	4
10109	17
10111	60
10113	42
10120	7
10121	7
10125	43
10127	49
10128	51
10129	31
10130	59
10131	72
10133	35
10135	49
10142	7
10146	71
10147	66
10152	7
10154	15
10155	60
10156	70
10159	35
10160	17
10163	15
10165	49
10178	15
10188	40
10189	61
10207	7
10209	49
10211	17
10213	2
10228	35
10235	29
10236	59
10238	72
10239	31
10240	59
10242	29
10243	9
10247	49
10250	61
10270	61
10273	42
10276	43
10287	32
10290	61
10294	72
10295	31
10296	40
10297	7
10313	35
10314	40
10319	56
10320	60
10328	38
10330	28
10347	61
10367	29
10368	29
10369	43
10376	59
10381	72
10382	72
10383	59
10391	49
10395	18
10396	35
10397	59
10398	17
10399	59
10409	17
10411	60
10419	59
10423	29
10424	60
10426	59
10427	6
10428	49
10432	59
10434	59
10439	40
10440	29
10447	35
10449	31
10452	29
10455	29
10456	42
10458	15
10460	7
10463	35
10466	35
10469	2
10471	60
10476	29
10479	35
10482	33
10484	6
10486	17
10487	17
10490	35
10492	61
10493	60
10497	35
10498	60
10499	60
10507	40
10514	59
10517	59
10521	61
10525	49
10527	7
10528	59
10529	7
10531	72
10534	72
10536	29
10539	32
10540	7
10541	59
10549	59
10550	35
10552	17
10554	33
10564	33
10565	33
10570	15
10574	72
10575	72
10576	72
10579	9
10580	15
10587	2
10592	60
10594	61
10598	59
10605	71
10606	49
10611	6
10612	17
10613	38
10615	7
10617	17
10620	1
10627	17
10632	7
10634	17
10636	32
10640	35
10645	41
10651	29
10652	35
10654	32
10657	15
10658	61
10659	29
10664	60
10672	32
10675	40
10681	42
10690	35
10693	72
10694	72
10724	29
10726	49
10728	42
10730	38
10743	60
10749	62
10755	17
10763	48
10765	5
10767	71
10768	7
10769	43
10775	59
10787	15
10788	15
10801	25
10808	2
10810	15
10814	29
10815	35
10817	15
10818	40
10844	72
10845	59
10856	60
10857	49
10867	35
10869	38
10881	29
10884	47
10890	35
10891	60
10900	32
10901	38
10905	17
10908	38
10910	42
10916	59
10919	60
10920	59
10921	61
10923	60
10933	60
10935	59
10938	17
10939	38
10943	60
10945	29
10947	6
10949	61
10952	56
10953	42
10959	35
10960	35
10961	49
10963	42
10965	60
10970	38
10971	59
10972	29
10973	71
10979	7
10980	59
10982	7
10985	72
10987	59
10988	29
10989	29
10991	7
10994	33
10999	33
11004	7
11007	7
11011	1
11020	7
11021	7
11031	35
11033	1
11034	17
11041	72
11047	2
11051	61
11052	61
11059	55
11064	7
11069	32
11075	29
11076	42
11078	17
11080	72
11083	61
11100	61
11113	15
11117	40
11122	1
11127	31
11130	35
11135	15
11138	47
11140	42
11141	31
11151	17
11152	40
11160	38
11163	41
11168	61
11170	7
11171	2
11176	15
11177	60
11178	59
11180	72
11188	40
11190	59
11194	17
11196	7
11197	41
11198	60
11212	42
11216	41
11217	17
11221	1
11222	47
11224	59
11230	35
11231	51
11248	1
11252	15
11253	59
11258	7
11261	33
11273	59
11276	33
11311	35
11313	29
11315	31
11316	29
11331	51
11332	42
11333	60
11334	1
11335	60
11336	35
11343	34
11344	17
11345	41
11346	17
22794	61
22800	17
22808	1
22820	51
22821	40
22824	49
22826	61
22832	7
22836	42
22837	15
22839	15
22841	17
22843	15
22848	17
22849	33
22852	7
22853	17
22854	37
22859	35
22864	41
22865	5
22866	23
22870	33
22871	43
22872	6
22874	6
22878	29
22883	29
22884	72
22885	17
22890	59
22891	7
22895	29
22902	30
22905	17
22906	31
22907	59
22908	29
22909	2
22911	7
22913	61
22915	29
22919	7
22920	35
22921	35
22924	7
22927	61
22930	38
22931	30
22933	7
22938	61
22941	15
22948	72
22954	42
22978	35
22980	42
22981	7
22983	29
22984	59
22985	61
22987	35
22990	5
22992	29
22994	7
22995	7
22998	17
22999	42
23001	41
23002	15
23007	40
23011	31
23012	59
23013	60
23017	31
23019	7
23020	61
23023	35
23024	7
23025	30
23026	15
23028	7
23031	61
23036	72
23037	29
23039	35
23040	61
23041	33
23043	17
23046	49
23047	35
23048	15
23049	71
23052	33
23053	7
23060	7
23061	41
23065	38
23066	35
23071	4
23072	55
23074	72
23075	59
23077	2
23078	7
23080	31
23085	7
23086	7
23090	30
23092	40
23094	17
23095	31
23096	6
23098	29
23102	41
23107	59
23108	72
23109	24
23111	55
23112	7
23113	49
23114	15
23116	7
23122	7
23127	72
23129	17
23131	61
23136	31
23137	48
23138	7
23140	64
23143	17
23145	7
23150	6
23151	29
23152	72
23154	2
23155	51
23157	25
23161	32
23162	1
23163	33
23164	17
23165	60
23167	35
23170	72
23171	35
23176	25
23177	7
23181	29
23186	60
23187	26
23191	15
23193	49
23195	2
23196	61
23197	38
23198	2
23199	10
23201	41
23203	17
23204	35
23205	1
23208	6
23209	31
23211	15
23215	61
23218	40
23221	42
23223	59
23224	25
23225	60
23228	17
23229	15
23230	40
23233	40
23234	59
23236	35
23237	7
23241	72
23242	17
23243	7
23244	35
23245	72
23247	6
23248	6
23250	35
23254	8
23255	31
23256	35
23258	31
23259	29
23263	41
23265	33
23266	15
23268	15
23269	2
23270	7
23271	7
23277	7
23281	32
23285	17
23286	7
23287	6
23288	7
23293	71
23294	40
23295	42
23301	6
23303	31
23304	51
23307	6
23309	60
23310	60
23312	38
23313	72
23317	35
23318	59
23321	42
23322	7
23325	6
23327	42
23328	1
23331	7
23332	7
23334	25
23335	38
23336	15
23339	33
23344	59
23345	7
23347	61
23348	55
23352	2
23353	25
23355	33
23362	4
23365	43
23367	59
23368	7
23370	32
23371	40
23373	60
23376	51
23380	15
23381	33
23382	6
23384	17
23385	29
23387	31
23389	56
23390	35
23392	7
23394	60
23395	59
23396	17
23405	71
23406	17
23408	49
23410	49
23412	7
23417	72
23420	71
23423	35
23426	43
23431	29
23433	15
23435	59
23438	2
23446	35
23450	61
23451	61
23460	29
23474	38
23478	49
23479	32
23481	61
23499	17
23500	25
23503	7
23504	4
23505	61
23507	59
23511	60
23513	30
23518	31
23521	59
23523	60
23524	61
23527	49
23530	7
23534	35
23542	1
23543	61
23548	29
23549	32
23550	49
23560	71
23576	33
23580	25
23581	2
23589	48
23592	35
23597	7
23598	41
23603	17
23607	15
23609	71
23616	15
23633	60
23636	60
23637	41
23644	71
23646	40
23647	35
23654	40
23659	72
23670	72
23671	59
23673	35
23705	43
23708	71
23710	41
23731	72
23761	47
23762	33
23770	2
23780	29
23786	35
23787	29
23788	7
24137	33
24149	7
25758	15
25777	35
25782	38
25791	15
25793	2
25796	32
25801	38
25813	29
25814	7
25821	12
25822	72
25824	49
25830	61
25831	7
25836	60
25837	29
25839	35
25840	35
25843	30
25851	29
25852	47
25873	59
25874	17
25875	29
25880	38
25885	60
25900	7
25901	6
25902	51
25912	33
25914	7
25921	17
25924	15
25925	30
25927	60
25929	71
25930	3
25932	25
25934	29
25940	59
25941	33
25953	33
25959	6
25960	43
25962	61
25963	2
25966	35
25977	17
25978	35
25979	55
25989	42
25994	49
25999	1
26000	2
26003	35
26010	60
26011	59
26012	60
26019	71
26024	47
26031	38
26036	61
26037	7
26040	30
26045	30
26046	33
26047	31
26049	29
26051	7
26052	15
26056	35
26057	25
26058	71
26059	30
26060	1
26063	30
26084	39
26086	6
26093	61
26094	59
26098	35
26100	30
26115	17
26127	30
26128	71
26130	35
26133	3
26135	59
26140	72
26146	72
26154	43
26160	7
26168	51
26227	72
26229	35
26230	48
26232	55
26270	72
26275	71
26276	33
26278	29
26286	29
26289	48
26330	29
26353	42
26354	59
26355	42
26470	43
26504	59
26505	72
26509	38
26517	59
26519	41
26520	41
26523	42
26575	32
26578	35
26580	35
26589	59
26608	59
26750	42
26873	29
26953	2
26958	51
26960	30
26973	42
26985	7
26986	71
26994	3
26999	15
27005	31
27020	72
27031	1
27032	38
27034	9
27043	60
27044	61
27065	61
27067	71
27068	33
27072	33
27075	29
27089	38
27092	35
27095	29
27101	42
27124	42
27125	43
27127	60
27130	17
27131	35
27132	59
27145	17
27148	13
27161	59
27165	30
27175	72
27183	35
27236	33
27243	35
27247	2
27248	72
27316	61
27327	7
27339	61
27340	35
27342	31
27343	32
27347	1
27349	47
27429	1
27439	5
27445	30
28512	29
28952	7
28956	38
28957	59
28958	72
28964	30
28966	7
28973	59
28976	38
28981	7
28988	41
28992	60
29028	60
29062	1
29078	38
29088	47
29094	7
29110	72
29117	60
29127	17
29760	15
29761	2
29763	15
29767	17
29789	61
29796	38
29801	17
29843	60
29855	60
29888	30
29919	2
29920	72
29924	17
29927	2
29934	40
29941	59
29942	29
29944	71
29953	1
29957	35
29959	48
29966	30
29968	42
29978	38
29982	33
29993	15
30000	35
30011	15
30811	30
30818	43
30819	29
30820	29
30844	1
30845	17
30846	17
30849	33
30851	51
30968	61
49854	49
49855	17
50488	42
50618	15
50640	61
50649	15
50804	61
50807	15
50808	35
50809	59
50813	59
50814	33
50861	4
50863	29
50944	15
51011	7
51014	35
51024	29
51025	29
51028	33
51031	29
51056	29
51059	35
51062	3
51065	72
51067	47
51069	47
51070	55
51073	47
51075	38
51079	38
51081	59
51084	35
51090	35
51091	6
51097	35
51100	3
51101	7
51102	33
51104	38
51106	59
51109	30
51116	59
51125	17
51133	2
51138	59
51143	7
51144	55
51160	35
51164	7
51168	31
51181	51
51185	59
51196	1
51199	7
51204	29
51209	42
51218	41
51222	30
51234	38
51248	7
51250	2
51256	40
51280	35
51284	42
51286	40
51295	38
51337	42
51347	42
51350	59
51361	33
51366	71
51377	2
51382	35
51386	71
51400	49
51412	48
51421	7
51422	41
51429	15
51434	2
51440	2
51441	59
51449	33
51466	15
51474	17
51479	7
51493	59
51495	38
51517	15
51520	72
51534	35
51542	35
51552	35
51555	40
51559	35
51560	7
51566	29
51571	35
51573	29
51592	2
51594	35
51606	38
51608	29
51617	2
51622	61
51631	61
51635	35
51637	59
51645	61
51649	59
51651	17
51652	35
51660	51
51663	61
51667	2
51668	7
51678	15
51693	29
51699	38
51701	60
51706	2
51715	29
51719	31
51720	7
51726	72
51727	49
51729	61
51735	33
51741	61
51742	60
51755	61
51760	32
51761	7
51762	1
51780	3
51805	35
51806	49
51807	59
53335	25
53343	40
53349	6
53353	59
53358	40
53407	35
53615	60
53616	43
53822	42
53826	48
53904	2
53916	35
53917	35
53918	2
53944	29
53981	61
54014	29
54106	1
54148	47
54187	40
54205	49
54331	32
54332	33
54413	43
54434	17
54438	30
54443	17
54468	55
54472	41
54474	7
54477	7
54495	29
54497	38
54499	51
54505	59
54509	15
54520	7
54534	47
54535	7
54536	29
54539	38
54543	29
54549	61
54550	32
54566	56
54585	49
54617	2
54622	48
54623	60
54625	60
54676	59
54704	40
54708	38
54726	9
54732	48
54737	60
54749	41
54768	4
54785	7
54788	42
54793	32
54795	59
54806	7
54821	41
54822	35
54828	7
54832	42
54834	59
54839	7
54843	4
54856	33
54861	31
54862	7
54867	60
54873	29
54874	15
54875	60
54880	55
54881	60
54884	40
54886	29
54897	1
54899	61
54901	33
54906	30
54914	59
54915	7
54921	2
54927	29
54928	38
54938	42
54939	7
54940	33
54948	47
54954	61
54972	35
54976	17
54994	40
54996	35
55004	35
55037	59
55040	17
55048	35
55054	41
55074	17
55075	17
55082	61
55088	41
55100	61
55102	49
55118	32
55128	48
55133	61
55140	2
55144	29
55149	59
55156	42
55157	41
55160	43
55161	2
55176	31
55177	38
55183	48
55184	35
55186	1
55187	35
55193	60
55198	35
55201	49
55207	35
55210	72
55212	49
55215	51
55218	60
55226	59
55229	1
55236	55
55243	15
55247	49
55252	2
55255	33
55262	7
55269	72
55275	35
55288	31
55291	6
55308	49
55320	7
55324	61
55326	35
55327	7
55333	40
55337	32
55341	38
55342	61
55345	29
55346	40
55347	29
55349	41
55357	41
55361	29
55362	38
55364	29
55379	61
55421	61
55450	35
55466	72
55506	60
55512	48
55515	35
55521	7
55529	51
55531	56
55558	30
55561	15
55567	59
55576	1
55577	7
55582	40
55585	2
55589	17
55604	27
55605	9
55607	17
55610	35
55611	49
55612	61
55614	15
55619	7
55624	60
55631	61
55635	3
55636	60
55638	7
55660	61
55666	2
55667	6
55669	38
55680	7
55681	59
55690	31
55691	67
55697	30
55698	32
55699	42
55700	7
55704	1
55705	29
55717	41
55719	20
55728	60
55729	40
55735	29
55737	38
55738	29
55739	32
55740	15
55746	60
55748	40
55749	59
55750	49
55752	25
55753	49
55754	35
55755	7
55763	7
55766	2
55770	35
55784	29
55803	42
55809	33
55814	1
55818	40
55823	33
55824	40
55831	38
55832	59
55833	71
55835	7
55844	72
55845	15
55847	56
55848	60
55852	29
55854	47
55856	49
55857	7
55860	7
55862	7
55870	60
55885	41
55907	29
55914	43
55915	29
55917	30
55920	17
55930	17
55964	25
55966	1
55967	38
55968	2
55970	25
55973	35
55975	59
56097	29
56138	15
56144	49
56163	61
56164	40
56165	40
56181	6
56243	7
56252	61
56254	2
56255	30
56262	35
56267	59
56288	1
56341	61
56474	59
56479	35
56616	42
56650	17
56666	15
56681	1
56848	40
56850	48
56851	38
56853	29
56886	59
56889	38
56894	29
56895	25
56896	42
56898	42
56899	40
56904	15
56907	59
56922	2
56924	42
56926	49
56928	30
56934	7
56945	59
56946	60
56947	41
56948	17
56957	31
56977	7
56992	47
56993	29
56996	43
56997	51
57003	59
57019	48
57020	7
57026	31
57037	72
57060	61
57082	17
57084	61
57092	2
57095	29
57096	7
57118	42
57120	40
57122	60
57128	38
57132	3
57136	70
57142	35
57143	35
57144	15
57148	30
57153	35
57169	33
57175	17
57180	17
57181	7
57187	61
57213	30
57216	31
57221	7
57222	43
57224	15
57231	33
57326	40
57337	60
57338	30
57380	29
57402	41
57403	35
57406	48
57407	1
57410	6
57414	49
57418	60
57446	35
57447	72
57448	1
57453	1
57455	17
57459	60
57460	31
57464	30
57470	59
57471	40
57486	7
57488	59
57489	7
57496	17
57497	59
57498	38
57505	49
57506	38
57507	56
57513	15
57514	15
57515	38
57519	7
57520	55
57521	41
57524	59
57530	17
57532	59
57539	61
57551	7
57553	17
57554	43
57555	43
57562	29
57568	7
57571	2
57572	7
57575	2
57576	15
57578	2
57580	1
57584	17
57596	7
57597	29
57599	61
57602	60
57605	38
57606	7
57609	46
57610	40
57613	35
57614	2
57617	33
57619	61
57620	41
57622	31
57623	2
57624	40
57626	42
57628	41
57631	17
57634	56
57636	65
57643	15
57644	71
57646	2
57648	15
57650	33
57655	42
57657	40
57658	43
57662	7
57670	17
57674	35
57679	42
57680	60
57683	7
57687	29
57689	37
57698	38
57706	17
57709	4
57715	42
57716	40
57718	72
57724	40
57731	1
57787	31
57795	43
57805	72
57826	17
58155	61
58472	49
58473	35
58477	35
58485	29
58494	7
58497	35
58508	35
58512	15
58513	17
58517	61
58525	60
58533	40
59269	55
59338	40
59343	60
59345	32
59353	29
60312	17
60370	32
60412	35
60488	59
60491	32
60496	72
60592	1
60626	32
60673	49
60682	6
60684	29
63027	2
63826	1
63827	42
63875	47
63891	41
63892	33
63893	59
63894	33
63897	35
63908	35
63916	15
63917	38
63929	48
63967	2
63971	17
63982	49
64005	15
64072	49
64083	35
64087	59
64089	31
64101	37
64121	43
64130	43
64146	29
64168	29
64210	33
64218	40
64219	3
64223	41
64225	6
64283	32
64285	33
64324	60
64343	72
64397	17
64398	7
64405	2
64419	6
64422	41
64423	17
64432	59
64434	59
64478	4
64599	7
64601	33
64682	2
64743	42
64744	41
64748	29
64753	7
64754	42
64756	72
64757	35
64766	35
64783	61
64786	35
64793	7
64795	40
64800	31
64805	29
64837	31
64847	17
64848	59
64854	31
64919	60
64921	35
64926	72
64943	40
64963	59
64965	59
64969	59
64978	47
65008	47
65055	72
65059	15
65080	47
65082	33
65108	61
65125	18
65244	2
65250	61
65260	49
65263	72
65266	42
65267	32
65268	40
65982	49
65991	33
65992	29
65993	59
66004	55
66005	29
66036	30
78987	72
78991	72
78999	17
79012	42
79020	41
79026	61
79065	38
79073	38
79075	2
79085	59
79092	49
79143	38
79176	55
79180	17
79187	32
79188	38
79414	30
79442	72
79443	72
79567	6
79568	49
79571	7
79572	43
79577	29
79585	59
79594	41
79633	33
79641	38
79643	3
79659	35
79671	29
79672	40
79674	51
79684	30
79697	59
79699	59
79705	42
79707	60
79711	60
79718	60
79720	15
79735	35
79751	72
79763	29
79776	61
79784	35
79789	55
79791	59
79809	35
79811	61
79813	60
79832	59
79834	15
79837	29
79843	7
79848	7
79861	72
79872	72
79874	35
79876	49
79877	35
79884	7
79885	60
79896	7
79901	17
79915	60
79925	29
79948	29
79959	59
79969	61
80000	33
80005	15
80014	6
80017	2
80018	29
80028	32
80055	36
80124	2
80128	48
80131	33
80142	1
80150	1
80155	49
80184	7
80196	42
80206	35
80207	29
80212	2
80216	42
80219	35
80221	33
80222	59
80223	15
80224	72
80232	40
80243	4
80279	51
80303	49
80331	42
80333	29
80342	30
80347	1
80700	2
80724	29
80725	40
80727	35
80728	61
80731	40
80755	2
80777	49
80781	72
80816	2
80820	32
80851	7
80852	30
80856	35
81027	59
81037	29
81488	29
81532	59
81533	72
81542	49
81550	71
81553	35
81563	33
81565	7
81567	60
81570	59
81609	31
81611	49
81617	31
81618	29
81624	7
81628	32
81631	41
81689	29
81704	17
81831	35
81832	41
81839	42
81846	2
81855	35
81873	17
81876	35
81889	39
81892	49
81929	60
83394	38
83442	29
83447	72
83451	40
83452	35
83473	49
83478	1
83481	51
83547	33
83548	35
83595	29
83605	61
83657	29
83658	7
83660	61
83692	9
83693	35
83696	29
83699	2
83700	7
83706	59
83733	40
83737	3
83752	29
83856	40
83858	72
83892	17
83939	71
83988	42
83990	60
83992	30
84000	2
84033	17
84100	35
84124	2
84129	29
84134	35
84141	1
84152	17
84162	61
84166	1
84171	29
84172	2
84188	51
84230	35
84233	29
84250	20
84251	15
84254	60
84258	35
84260	7
84263	7
84274	35
84284	60
84293	29
84299	33
84300	15
84303	38
84305	42
84312	7
84313	3
84334	7
84340	35
84364	6
84376	33
84433	1
84445	7
84446	15
84448	7
84450	59
84451	1
84457	2
84461	7
84516	7
84524	59
84532	30
84557	41
84617	72
84628	37
84629	60
84630	60
84656	59
84665	6
84678	55
84687	17
84726	7
84749	2
84790	72
84816	33
84823	60
84833	72
84864	59
84866	40
84867	29
84869	31
84886	7
84892	29
84894	35
84895	38
84896	38
84926	2
84932	35
84940	15
84947	40
84948	40
84952	18
84959	59
84962	1
84966	49
84991	61
85300	42
85358	15
85365	29
85369	30
85376	31
85379	7
85397	35
85417	29
85439	17
85440	17
85442	59
85444	72
85445	43
85456	7
85458	17
85459	7
85461	7
85464	17
85476	38
85477	17
85865	47
87178	33
89777	55
89795	7
89796	7
89801	17
89853	29
89876	42
89910	2
89941	72
89970	35
90102	7
90134	15
90249	51
90362	7
90381	29
90423	35
90523	60
90550	38
90580	29
90627	42
90678	42
90701	35
90850	71
90957	59
90990	1
91010	2
91137	41
91304	29
91404	30
91452	38
91526	33
91663	49
91683	60
91754	41
91833	31
91978	7
92140	60
92154	59
92255	32
92259	49
92399	29
92521	17
92609	72
92675	2
92737	29
93034	2
93145	40
93185	59
93377	19
93380	38
93436	72
93643	35
93664	55
93974	1
93986	60
94005	61
94030	4
94081	49
94097	40
94104	60
94121	35
94134	15
94160	2
94239	59
103910	59
112476	38
112714	72
112724	35
112755	35
112802	59
112840	29
112936	31
112937	59
112939	60
113026	17
113157	61
113201	29
113246	4
113263	7
113510	60
114088	7
114294	35
114299	35
114327	25
114569	35
114780	61
114781	56
114784	40
114786	7
114787	61
114789	29
114793	29
114794	4
114824	15
114876	38
114880	38
114882	38
114928	29
114971	32
114991	33
115098	71
115207	49
115286	38
115509	59
115557	15
115703	15
115704	29
115752	71
115827	2
115948	7
116151	35
116228	7
116442	35
116443	17
116835	32
116841	35
116931	61
116985	15
116986	40
116987	41
116988	31
117145	1
117159	59
117177	29
118427	32
118487	72
118812	40
118881	71
120892	17
121391	2
121441	72
121504	60
121512	17
122402	42
122553	29
122961	40
123283	50
123879	59
124044	7
124454	35
124739	31
124801	59
124995	47
124997	4
125113	14
125115	32
125228	33
125336	42
125988	2
126003	29
126006	41
126133	40
126206	72
126298	43
126328	38
127281	1
127703	7
127795	29
127829	32
127833	61
128178	1
128308	47
128866	3
128869	61
129049	72
129138	6
129285	7
129446	17
129807	2
130507	39
131118	29
131474	48
131544	42
131578	56
132204	35
132299	29
132320	7
132884	42
133121	38
133418	35
133584	55
133686	35
133746	17
133957	3
134353	6
134492	41
134957	35
135112	41
135228	17
136319	7
136991	29
138311	59
139065	40
139322	38
139341	41
139818	17
140460	49
140465	17
140469	42
140576	29
140707	29
140710	30
140730	29
140735	7
140803	17
140807	58
140831	4
140885	32
142678	7
143098	7
143187	35
143425	61
143471	2
143872	17
143884	7
144100	7
144165	7
144402	33
145508	7
145567	59
146057	59
146223	1
146330	2
146691	17
146754	59
147015	71
147040	59
147179	15
147746	72
148252	29
148281	35
149371	35
150209	42
150709	2
150726	55
151011	25
151056	41
151393	38
151742	1
151887	59
151963	7
152007	15
152185	7
152330	60
152485	60
152503	15
152579	35
152789	1
153090	1
153364	59
153733	7
154661	29
154664	59
154796	7
154810	33
157285	2
157378	35
157680	42
157922	7
158471	61
159989	7
160418	38
161725	2
161742	4
163259	40
165215	43
166336	6
166378	2
166614	42
166785	39
167691	7
169714	29
170692	61
170961	48
171023	2
171024	41
171425	40
192111	59
192666	59
192669	72
196374	59
196403	42
197131	48
197257	59
197322	32
199223	55
199731	7
199953	60
200081	7
200205	29
200424	29
200576	30
200734	35
200844	31
200933	2
201161	59
201475	35
201562	7
201595	38
202333	49
203068	72
219285	35
219287	7
219738	1
219771	31
219927	47
220164	40
220988	59
221037	48
221092	61
221178	15
221184	48
221472	2
221545	9
221692	17
221749	35
221935	2
221981	40
222068	35
222236	17
222950	59
253260	1
253738	30
253943	55
253959	30
254048	60
254065	59
254122	35
254427	30
254531	35
254863	7
255252	6
256158	61
256309	59
256356	35
256714	7
257160	29
257194	29
257218	7
259173	35
259217	31
259232	60
259266	49
260425	1
261726	72
266553	11
282974	42
282991	29
283234	61
283248	60
283373	6
283455	42
283635	29
283638	7
283820	2
283871	49
284069	42
284106	60
284119	38
284161	29
284217	40
284273	29
284361	38
284403	1
284434	49
284439	60
284656	42
284992	60
285172	29
285175	59
285313	29
285315	35
285527	31
285590	15
286046	35
286077	7
286205	69
286410	35
317719	42
319101	15
326624	35
326625	61
333932	60
338322	40
338699	17
338785	17
339122	29
339829	59
339965	7
340371	49
340527	7
340543	41
342184	61
342346	56
342667	60
343099	7
344387	42
345630	49
345651	59
345778	35
346288	25
346562	43
347688	72
347733	72
347734	38
347862	7
348110	32
348262	59
348980	40
349667	41
353274	49
373156	51
374291	38
374454	17
374618	7
374654	7
374986	33
375056	35
375790	40
376267	59
386617	42
386618	35
387104	33
387597	59
387680	7
387751	59
388135	17
388344	59
388695	35
389840	42
390637	35
391356	33
391634	59
392617	4
392862	43
399473	35
399687	17
399909	17
400745	15
401145	7
401190	42
401548	40
401647	17
440193	41
440915	2
441400	59
474383	3
493856	29
494115	61
541468	7
548596	72
553115	59
643949	61
644150	15
646875	61
653145	17
653162	61
654364	2
728953	61
729708	61
100271715	7
100287932	51
