,Entrez ID,1.Völgyi_2017,2.Neuner_2017,3.Sweet_2016,5.Chang_2015,6.Chang_2013,7.Zolochevska_2018,8.Krivinko_2018,count
0,2617,1,0,0,0,0,0,0,1
1,3190,1,0,0,0,0,0,0,1
2,4817,1,0,0,0,0,0,0,1
3,3094,1,0,0,0,0,0,0,1
4,1653,1,0,0,0,0,0,0,1
5,10130,1,0,0,0,0,0,0,1
6,9318,1,0,0,0,0,0,0,1
7,5682,1,0,0,0,0,0,1,2
8,5702,1,0,0,0,0,0,0,1
9,5704,1,0,0,0,0,0,0,1
10,8574,1,0,0,0,0,0,0,1
11,586,1,0,0,0,0,0,0,1
12,55163,1,0,0,0,0,0,0,1
13,5049,1,0,0,0,0,0,0,1
14,348,1,1,0,0,0,0,0,2
15,2819,1,0,0,0,0,0,0,1
16,8682,1,0,0,0,0,0,0,1
17,4199,1,0,0,0,0,0,0,1
18,3251,1,0,0,0,0,0,0,1
19,5604,1,0,0,0,0,0,0,1
20,7018,1,0,0,0,0,0,0,1
21,794,1,0,0,0,0,0,0,1
22,1428,1,0,0,0,0,0,0,1
23,6843,1,0,0,0,0,0,0,1
24,6616,1,1,0,0,0,0,0,2
25,112755,1,0,1,0,0,0,0,2
26,22848,1,0,0,0,0,0,0,1
27,9522,1,1,0,0,0,0,0,2
28,11346,1,0,0,0,0,0,0,1
29,22941,1,0,0,0,0,0,0,1
30,50944,1,0,0,0,0,0,0,1
31,9568,1,0,0,0,0,0,0,1
32,6529,1,0,0,0,0,0,0,1
33,6506,1,0,0,0,0,0,0,1
34,490,1,0,0,0,0,0,0,1
35,477,1,0,0,0,0,0,0,1
36,476,1,0,0,0,0,0,0,1
37,478,1,0,1,0,0,0,0,2
38,5906,1,0,0,0,0,0,0,1
39,2697,1,0,0,0,0,0,0,1
40,10675,1,0,0,0,0,0,0,1
41,4340,1,0,0,0,0,0,0,1
42,4978,1,0,0,0,0,0,0,1
43,961,1,0,0,0,0,0,0,1
44,966,1,0,0,0,0,0,0,1
45,10452,1,0,0,0,0,0,0,1
46,50,0,1,0,0,0,0,0,1
47,134,0,1,0,0,0,0,0,1
48,287,0,1,0,0,0,0,1,2
49,161,0,1,0,0,0,0,0,1
50,163,0,1,0,0,0,0,0,1
51,348,1,1,0,0,0,0,0,2
52,351,0,1,0,0,0,0,0,1
53,55102,0,1,0,0,0,0,0,1
54,479,0,1,0,0,0,0,0,1
55,481,0,1,0,0,0,0,0,1
56,493,0,1,0,0,0,0,0,1
57,527,0,1,0,0,0,0,0,1
58,526,0,1,0,0,0,0,0,1
59,529,0,1,0,0,0,0,0,1
60,9212,0,1,0,0,0,0,0,1
61,622,0,1,0,0,0,0,0,1
62,10487,0,1,0,0,0,0,0,1
63,84303,0,1,0,0,0,0,0,1
64,54918,0,1,0,0,0,0,0,1
65,28958,0,1,0,0,0,0,0,1
66,1329,0,1,0,0,0,0,0,1
67,1345,0,1,0,0,0,0,0,1
68,140690,0,1,0,0,0,0,0,1
69,1737,0,1,0,0,0,0,0,1
70,1743,0,1,0,1,0,0,0,2
71,10059,0,1,0,0,0,0,0,1
72,1938,0,1,0,0,0,0,0,1
73,2554,0,1,0,0,0,0,0,1
74,2596,0,1,0,0,0,0,0,1
75,2670,0,1,0,0,0,1,0,2
76,2746,0,1,0,0,1,0,0,2
77,2773,0,1,0,0,0,0,0,1
78,54331,0,1,0,0,0,0,0,1
79,2806,0,1,0,0,0,0,0,1
80,2823,0,1,0,0,0,0,0,1
81,2824,0,1,0,0,0,0,0,1
82,2861,0,1,0,0,0,0,0,1
83,2890,0,1,0,0,0,0,1,2
84,2913,0,1,1,0,0,0,0,2
85,2944,0,1,0,0,0,0,0,1
86,5095,0,1,0,0,0,0,0,1
87,348980,0,1,0,0,0,0,0,1
88,7923,0,1,0,0,0,0,0,1
89,3312,0,1,0,0,1,0,0,2
90,93185,0,1,0,0,0,0,0,1
91,10989,0,1,0,0,0,0,0,1
92,3615,0,1,0,0,0,0,0,1
93,9922,0,1,0,0,0,0,0,1
94,3708,0,1,0,0,0,0,1,2
95,3785,0,1,0,0,0,0,0,1
96,3848,0,1,0,0,0,1,0,2
97,3858,0,1,0,0,0,1,0,2
98,3849,0,1,0,0,0,0,0,1
99,4054,0,1,0,0,0,0,0,1
100,4099,0,1,0,0,0,0,0,1
101,5594,0,1,0,0,0,0,0,1
102,54996,0,1,0,0,0,0,0,1
103,4172,0,1,0,0,0,0,0,1
104,4191,0,1,0,0,0,1,0,2
105,25902,0,1,0,0,0,0,0,1
106,4540,0,1,0,0,0,0,0,1
107,2475,0,1,0,0,0,0,0,1
108,91663,0,1,0,0,0,0,0,1
109,23154,0,1,1,0,0,0,0,2
110,126328,0,1,0,0,0,0,0,1
111,4700,0,1,0,0,0,0,0,1
112,4701,0,1,0,0,0,0,0,1
113,4884,0,1,0,0,0,0,0,1
114,4897,0,1,0,0,0,0,0,1
115,9369,0,1,0,0,0,0,0,1
116,55753,0,1,0,0,0,0,0,1
117,51090,0,1,0,0,0,0,0,1
118,5621,0,1,0,0,0,0,0,1
119,5802,0,1,0,0,0,0,0,1
120,9230,0,1,0,0,0,0,0,1
121,22931,0,1,0,0,0,0,0,1
122,115827,0,1,0,0,0,0,0,1
123,5898,0,1,1,0,0,0,0,2
124,6184,0,1,0,0,0,0,0,1
125,6252,0,1,0,0,0,0,0,1
126,57142,0,1,0,0,0,0,0,1
127,9522,1,1,0,0,0,0,0,2
128,9554,0,1,1,0,0,0,0,2
129,6563,0,1,0,0,0,0,0,1
130,25769,0,1,0,0,0,0,0,1
131,79751,0,1,0,0,0,0,1,2
132,6512,0,1,0,0,0,0,0,1
133,219537,0,1,0,0,0,0,0,1
134,6616,1,1,0,0,0,0,0,2
135,6709,0,1,0,0,0,1,0,2
136,6711,0,1,0,0,0,0,0,1
137,80725,0,1,0,1,0,0,1,3
138,8803,0,1,1,0,0,0,0,2
139,6853,0,1,0,0,0,1,1,3
140,6854,0,1,0,1,0,0,0,2
141,8831,0,1,0,0,0,0,1,2
142,9145,0,1,0,0,0,0,0,1
143,6950,0,1,0,0,0,0,0,1
144,254863,0,1,0,0,0,0,0,1
145,9804,0,1,0,0,0,0,0,1
146,286262,0,1,0,0,0,0,0,1
147,7284,0,1,0,0,0,0,0,1
148,55737,0,1,0,0,0,0,0,1
149,10801,0,0,1,1,0,0,1,3
150,119,0,0,1,0,0,0,0,1
151,4133,0,0,1,0,0,0,0,1
152,2319,0,0,1,0,0,0,0,1
153,112755,1,0,1,0,0,0,0,2
154,11069,0,0,1,0,0,0,0,1
155,5052,0,0,1,0,1,0,0,2
156,10211,0,0,1,0,0,0,0,1
157,9554,0,1,1,0,0,0,0,2
158,2776,0,0,1,0,0,0,0,1
159,3306,0,0,1,0,0,0,0,1
160,5962,0,0,1,0,0,0,0,1
161,9228,0,0,1,0,0,0,0,1
162,8803,0,1,1,0,0,0,0,2
163,11069,0,0,1,0,0,0,0,1
164,2912,0,0,1,0,0,0,0,1
165,4133,0,0,1,0,0,0,0,1
166,85358,0,0,1,0,0,0,0,1
167,9228,0,0,1,0,0,0,0,1
168,2913,0,1,1,0,0,0,0,2
169,2904,0,0,1,0,0,0,0,1
170,2892,0,0,1,0,0,0,1,2
171,9456,0,0,1,0,0,0,1,2
172,4724,0,0,1,0,0,0,0,1
173,2891,0,0,1,0,0,0,1,2
174,2893,0,0,1,0,0,0,1,2
175,5052,0,0,1,0,1,0,0,2
176,2776,0,0,1,0,0,0,0,1
177,7431,0,0,1,0,0,0,0,1
178,10801,0,0,1,1,0,0,1,3
179,5962,0,0,1,0,0,0,0,1
180,387,0,0,1,0,0,0,0,1
181,5478,0,0,1,0,0,0,0,1
182,3306,0,0,1,0,0,0,0,1
183,2597,0,0,1,0,0,1,0,2
184,8803,0,1,1,0,0,0,0,2
185,388,0,0,1,0,0,0,0,1
186,1267,0,0,1,0,0,1,0,2
187,119,0,0,1,0,0,0,0,1
188,1808,0,0,1,0,1,0,0,2
189,203,0,0,1,0,0,0,0,1
190,1173,0,0,1,0,0,0,0,1
191,112755,1,0,1,0,0,0,0,2
192,10971,0,0,1,0,0,0,0,1
193,10728,0,0,1,0,0,0,0,1
194,998,0,0,1,0,0,0,0,1
195,5898,0,1,1,0,0,0,0,2
196,1267,0,0,1,0,0,1,0,2
197,4130,0,0,1,0,0,0,1,2
198,4133,0,0,1,0,0,0,0,1
199,7431,0,0,1,0,0,0,0,1
200,478,1,0,1,0,0,0,0,2
201,4724,0,0,1,0,0,0,0,1
202,119,0,0,1,0,0,0,0,1
203,2319,0,0,1,0,0,0,0,1
204,4735,0,0,1,1,0,0,1,3
205,10211,0,0,1,0,0,0,0,1
206,112755,1,0,1,0,0,0,0,2
207,6844,0,0,1,0,0,0,0,1
208,3208,0,0,1,0,0,0,0,1
209,23154,0,1,1,0,0,0,0,2
210,9118,0,0,0,1,0,0,0,1
211,6900,0,0,0,1,0,0,0,1
212,1462,0,0,0,1,0,0,0,1
213,30845,0,0,0,1,1,0,0,2
214,4744,0,0,0,1,0,0,0,1
215,4741,0,0,0,1,0,1,0,2
216,5093,0,0,0,1,0,0,0,1
217,51645,0,0,0,1,0,0,0,1
218,7001,0,0,0,1,0,0,0,1
219,5694,0,0,0,1,0,0,0,1
220,391,0,0,0,1,0,0,0,1
221,4735,0,0,1,1,0,0,1,3
222,5413,0,0,0,1,0,0,0,1
223,989,0,0,0,1,0,1,0,2
224,23176,0,0,0,1,1,0,0,2
225,10801,0,0,1,1,0,0,1,3
226,55752,0,0,0,1,1,0,0,2
227,80725,0,1,0,1,0,0,1,3
228,6854,0,1,0,1,0,0,0,2
229,7277,0,0,0,1,0,0,0,1
230,10382,0,0,0,1,0,1,0,2
231,7781,0,0,0,1,0,0,0,1
232,11345,0,0,0,1,0,0,0,1
233,23530,0,0,0,1,0,0,0,1
234,10493,0,0,0,1,0,0,0,1
235,22884,0,0,0,1,0,0,0,1
236,11076,0,0,0,1,1,0,0,2
237,22895,0,0,0,1,0,0,0,1
238,1743,0,1,0,1,0,0,0,2
239,5223,0,0,0,0,1,0,0,1
240,2664,0,0,0,0,1,0,0,1
241,1152,0,0,0,0,1,1,0,2
242,30845,0,0,0,1,1,0,0,2
243,1808,0,0,1,0,1,0,0,2
244,23176,0,0,0,1,1,0,0,2
245,2746,0,1,0,0,1,0,0,2
246,2023,0,0,0,0,1,0,0,1
247,2752,0,0,0,0,1,0,0,1
248,60,0,0,0,0,1,0,0,1
249,4190,0,0,0,0,1,0,0,1
250,7846,0,0,0,0,1,1,0,2
251,92399,0,0,0,0,1,0,0,1
252,7345,0,0,0,0,1,1,0,2
253,5052,0,0,1,0,1,0,0,2
254,396,0,0,0,0,1,1,0,2
255,9615,0,0,0,0,1,0,0,1
256,23176,0,0,0,1,1,0,0,2
257,2026,0,0,0,0,1,0,0,1
258,2752,0,0,0,0,1,0,0,1
259,5223,0,0,0,0,1,0,0,1
260,1152,0,0,0,0,1,1,0,2
261,2805,0,0,0,0,1,0,0,1
262,5315,0,0,0,0,1,0,0,1
263,60,0,0,0,0,1,0,0,1
264,2026,0,0,0,0,1,0,0,1
265,4190,0,0,0,0,1,0,0,1
266,7846,0,0,0,0,1,1,0,2
267,5052,0,0,1,0,1,0,0,2
268,396,0,0,0,0,1,1,0,2
269,3312,0,1,0,0,1,0,0,2
270,3312,0,1,0,0,1,0,0,2
271,10015,0,0,0,0,1,0,0,1
272,1400,0,0,0,0,1,0,0,1
273,230,0,0,0,0,1,0,0,1
274,2664,0,0,0,0,1,0,0,1
275,26227,0,0,0,0,1,0,0,1
276,396,0,0,0,0,1,1,0,2
277,80700,0,0,0,0,1,0,0,1
278,5019,0,0,0,0,1,0,0,1
279,23176,0,0,0,1,1,0,0,2
280,55752,0,0,0,1,1,0,0,2
281,2775,0,0,0,0,1,0,0,1
282,2775,0,0,0,0,1,0,0,1
283,5315,0,0,0,0,1,0,0,1
284,26227,0,0,0,0,1,0,0,1
285,2775,0,0,0,0,1,0,0,1
286,396,0,0,0,0,1,1,0,2
287,3312,0,1,0,0,1,0,0,2
288,3312,0,1,0,0,1,0,0,2
289,9615,0,0,0,0,1,0,0,1
290,80700,0,0,0,0,1,0,0,1
291,11076,0,0,0,1,1,0,0,2
292,2665,0,0,0,0,1,0,0,1
293,60,0,0,0,0,1,0,0,1
294,6857,0,0,0,0,1,0,0,1
295,308,0,0,0,0,1,0,0,1
296,60,0,0,0,0,1,0,0,1
297,22933,0,0,0,0,1,0,0,1
298,2665,0,0,0,0,1,0,0,1
299,60,0,0,0,0,1,0,0,1
300,2023,0,0,0,0,1,0,0,1
301,308,0,0,0,0,1,0,0,1
302,3315,0,0,0,0,1,0,0,1
303,60,0,0,0,0,1,0,0,1
304,2946,0,0,0,0,1,0,0,1
305,10935,0,0,0,0,1,0,0,1
306,2023,0,0,0,0,1,0,0,1
307,523,0,0,0,0,1,0,0,1
308,523,0,0,0,0,1,0,0,1
309,1400,0,0,0,0,1,0,0,1
310,71,0,0,0,0,0,1,0,1
311,302,0,0,0,0,0,1,0,1
312,815,0,0,0,0,0,1,1,2
313,811,0,0,0,0,0,1,0,1
314,1152,0,0,0,0,1,1,0,2
315,1152,0,0,0,0,1,1,0,2
316,2670,0,1,0,0,0,1,0,2
317,2670,0,1,0,0,0,1,0,2
318,2670,0,1,0,0,0,1,0,2
319,2670,0,1,0,0,0,1,0,2
320,2670,0,1,0,0,0,1,0,2
321,2670,0,1,0,0,0,1,0,2
322,2670,0,1,0,0,0,1,0,2
323,2670,0,1,0,0,0,1,0,2
324,2670,0,1,0,0,0,1,0,2
325,2670,0,1,0,0,0,1,0,2
326,2597,0,0,1,0,0,1,0,2
327,3043,0,0,0,0,0,1,0,1
328,3043,0,0,0,0,0,1,0,1
329,3043,0,0,0,0,0,1,0,1
330,7414,0,0,0,0,0,1,0,1
331,2670,0,1,0,0,0,1,0,2
332,2670,0,1,0,0,0,1,0,2
333,2670,0,1,0,0,0,1,0,2
334,2670,0,1,0,0,0,1,0,2
335,2670,0,1,0,0,0,1,0,2
336,2670,0,1,0,0,0,1,0,2
337,2670,0,1,0,0,0,1,0,2
338,2670,0,1,0,0,0,1,0,2
339,1759,0,0,0,0,0,1,0,1
340,1759,0,0,0,0,0,1,0,1
341,25824,0,0,0,0,0,1,0,1
342,2011,0,0,0,0,0,1,0,1
343,1267,0,0,1,0,0,1,0,2
344,25824,0,0,0,0,0,1,0,1
345,6853,0,1,0,0,0,1,1,3
346,6853,0,1,0,0,0,1,1,3
347,1211,0,0,0,0,0,1,0,1
348,3858,0,1,0,0,0,1,0,2
349,3857,0,0,0,0,0,1,0,1
350,3857,0,0,0,0,0,1,0,1
351,3848,0,1,0,0,0,1,0,2
352,3848,0,1,0,0,0,1,0,2
353,3848,0,1,0,0,0,1,0,2
354,4191,0,1,0,0,0,1,0,2
355,4698,0,0,0,0,0,1,0,1
356,4723,0,0,0,0,0,1,0,1
357,4741,0,0,0,1,0,1,0,2
358,5217,0,0,0,0,0,1,0,1
359,5217,0,0,0,0,0,1,0,1
360,5091,0,0,0,0,0,1,0,1
361,396,0,0,0,0,1,1,0,2
362,989,0,0,0,1,0,1,0,2
363,6709,0,1,0,0,0,1,0,2
364,6812,0,0,0,0,0,1,0,1
365,7846,0,0,0,0,1,1,0,2
366,10376,0,0,0,0,0,1,0,1
367,10376,0,0,0,0,0,1,0,1
368,10376,0,0,0,0,0,1,0,1
369,7280,0,0,0,0,0,1,0,1
370,10382,0,0,0,1,0,1,0,2
371,84617,0,0,0,0,0,1,0,1
372,7345,0,0,0,0,1,1,0,2
373,80725,0,1,0,1,0,0,1,3
374,8831,0,1,0,0,0,0,1,2
375,2892,0,0,1,0,0,0,1,2
376,2893,0,0,1,0,0,0,1,2
377,9456,0,0,1,0,0,0,1,2
378,2890,0,1,0,0,0,0,1,2
379,1742,0,0,0,0,0,0,1,1
380,5682,1,0,0,0,0,0,1,2
381,2891,0,0,1,0,0,0,1,2
382,815,0,0,0,0,0,1,1,2
383,287,0,1,0,0,0,0,1,2
384,816,0,0,0,0,0,0,1,1
385,8997,0,0,0,0,0,0,1,1
386,286,0,0,0,0,0,0,1,1
387,1499,0,0,0,0,0,0,1,1
388,6262,0,0,0,0,0,0,1,1
389,11331,0,0,0,0,0,0,1,1
390,8402,0,0,0,0,0,0,1,1
391,5245,0,0,0,0,0,0,1,1
392,6708,0,0,0,0,0,0,1,1
393,6853,0,1,0,0,0,1,1,3
394,6710,0,0,0,0,0,0,1,1
395,8573,0,0,0,0,0,0,1,1
396,10801,0,0,1,1,0,0,1,3
397,5582,0,0,0,0,0,0,1,1
398,535,0,0,0,0,0,0,1,1
399,100526833,0,0,0,0,0,0,1,1
400,55964,0,0,0,0,0,0,1,1
401,79751,0,1,0,0,0,0,1,2
402,3708,0,1,0,0,0,0,1,2
403,6543,0,0,0,0,0,0,1,1
404,292,0,0,0,0,0,0,1,1
405,4130,0,0,1,0,0,0,1,2
406,4735,0,0,1,1,0,0,1,3
407,57468,0,0,0,0,0,0,1,1
408,2915,0,0,0,0,0,0,1,1
409,7417,0,0,0,0,0,0,1,1
410,2770,0,0,0,0,0,0,1,1
