key list
1 0 1
2 18 2
3 37 3
4 38 4
5 47 5
6 48 6
7 60 7
8 71 7
9 81 8
10 87 8
11 98 9
12 118 10
13 119 11
14 120 10
15 128 12
16 160 13
17 161 6
18 162 14
19 163 6
20 164 6
21 178 15
22 213 16
23 214 17
24 216 18
25 217 18
26 226 4
27 230 4
28 273 2
29 274 15
30 286 19
31 287 13
32 288 9
33 293 18
34 302 4
35 309 20
36 310 21
37 311 18
38 321 22
39 327 23
40 347 24
41 348 8
42 351 22
43 361 14
44 375 25
45 382 6
46 387 25
47 388 26
48 391 25
49 392 25
50 396 25
51 408 27
52 427 28
53 471 29
54 476 8
55 477 30
56 479 31
57 481 12
58 483 32
59 488 33
60 490 33
61 491 33
62 492 34
63 493 35
64 498 4
65 501 8
66 506 4
67 509 36
68 523 21
69 527 3
70 529 4
71 534 4
72 535 37
73 537 38
74 539 4
75 547 3
76 613 2
77 644 8
78 663 25
79 667 30
80 682 11
81 738 21
82 760 18
83 785 13
84 811 22
85 813 39
86 814 8
87 815 8
88 816 8
89 817 8
90 818 8
91 821 40
92 822 34
93 829 7
94 832 7
95 833 18
96 847 22
97 873 29
98 874 9
99 883 5
100 950 13
101 966 29
102 989 11
103 997 28
104 998 25
105 1020 8
106 1072 7
107 1073 7
108 1113 8
109 1152 5
110 1155 8
111 1159 35
112 1173 14
113 1191 22
114 1211 6
115 1213 6
116 1267 41
117 1272 41
118 1312 13
119 1327 9
120 1329 35
121 1374 42
122 1384 43
123 1397 3
124 1398 2
125 1399 2
126 1400 18
127 1410 22
128 1428 8
129 1431 18
130 1445 44
131 1453 8
132 1457 45
133 1459 45
134 1465 29
135 1499 8
136 1500 29
137 1501 33
138 1508 31
139 1509 8
140 1537 46
141 1605 47
142 1627 21
143 1639 48
144 1646 12
145 1654 45
146 1728 47
147 1737 4
148 1738 4
149 1739 33
150 1740 2
151 1741 2
152 1742 2
153 1743 38
154 1759 2
155 1762 43
156 1778 18
157 1781 48
158 1783 10
159 1785 2
160 1795 2
161 1808 18
162 1809 18
163 1845 8
164 1854 26
165 1891 18
166 1915 18
167 1917 45
168 1933 18
169 1936 18
170 1937 18
171 1938 44
172 1956 29
173 1962 30
174 1973 19
175 1974 19
176 1982 19
177 1983 19
178 2010 17
179 2011 8
180 2017 2
181 2023 47
182 2026 18
183 2036 25
184 2037 8
185 2039 10
186 2043 8
187 2048 2
188 2051 39
189 2058 34
190 2098 2
191 2109 10
192 2170 47
193 2185 8
194 2193 43
195 2235 5
196 2271 2
197 2273 21
198 2280 8
199 2286 31
200 2288 8
201 2314 38
202 2316 8
203 2319 35
204 2475 8
205 2512 9
206 2521 44
207 2534 2
208 2539 2
209 2549 2
210 2550 2
211 2554 31
212 2571 8
213 2597 12
214 2617 27
215 2631 49
216 2664 43
217 2665 19
218 2670 8
219 2697 32
220 2744 18
221 2745 12
222 2746 4
223 2752 4
224 2769 43
225 2770 43
226 2771 43
227 2773 43
228 2775 2
229 2776 27
230 2778 27
231 2781 43
232 2782 43
233 2783 43
234 2785 43
235 2794 43
236 2805 29
237 2806 12
238 2824 13
239 2861 50
240 2885 2
241 2890 41
242 2902 8
243 2903 2
244 2904 2
245 2912 13
246 2913 8
247 2915 8
248 2923 18
249 2931 8
250 2932 21
251 2934 29
252 2935 44
253 2944 51
254 2946 51
255 2947 51
256 2949 51
257 2977 33
258 2982 27
259 2983 27
260 2987 44
261 3006 2
262 3028 4
263 3030 4
264 3032 4
265 3033 2
266 3039 38
267 3043 38
268 3045 38
269 3064 2
270 3069 19
271 3094 8
272 3098 18
273 3151 34
274 3178 44
275 3181 44
276 3184 44
277 3187 44
278 3188 44
279 3190 44
280 3208 9
281 3251 9
282 3267 48
283 3268 6
284 3295 44
285 3300 43
286 3306 43
287 3308 47
288 3309 42
289 3312 47
290 3313 7
291 3315 19
292 3320 8
293 3326 8
294 3329 18
295 3336 18
296 3337 32
297 3382 48
298 3420 18
299 3476 5
300 3612 9
301 3628 52
302 3685 8
303 3688 47
304 3708 18
305 3735 18
306 3739 33
307 3785 31
308 3796 48
309 3799 23
310 3800 45
311 3831 19
312 3837 25
313 3840 25
314 3857 17
315 3895 25
316 3897 32
317 3925 11
318 3927 2
319 3939 37
320 3945 37
321 3956 17
322 3958 17
323 3959 8
324 3983 18
325 3984 8
326 3991 53
327 3996 11
328 4035 22
329 4054 25
330 4082 8
331 4130 26
332 4131 44
333 4133 31
334 4134 25
335 4137 8
336 4139 8
337 4140 11
338 4155 8
339 4172 45
340 4190 4
341 4191 4
342 4259 24
343 4282 8
344 4354 14
345 4355 2
346 4478 54
347 4507 48
348 4508 22
349 4513 3
350 4522 55
351 4535 9
352 4540 4
353 4627 2
354 4638 2
355 4644 52
356 4659 31
357 4673 38
358 4676 48
359 4677 48
360 4684 28
361 4691 39
362 4698 56
363 4700 31
364 4701 56
365 4705 56
366 4712 12
367 4715 16
368 4722 56
369 4723 57
370 4729 18
371 4731 57
372 4735 11
373 4738 28
374 4741 18
375 4747 18
376 4830 26
377 4831 26
378 4852 31
379 4893 11
380 4905 17
381 4915 29
382 4967 4
383 5034 31
384 5036 42
385 5048 18
386 5049 18
387 5050 18
388 5052 12
389 5058 8
390 5062 2
391 5064 2
392 5066 2
393 5093 44
394 5094 44
395 5110 7
396 5122 2
397 5127 8
398 5129 6
399 5160 4
400 5162 47
401 5170 8
402 5184 8
403 5202 43
404 5213 8
405 5216 18
406 5217 11
407 5223 48
408 5230 12
409 5236 32
410 5245 46
411 5265 12
412 5297 11
413 5300 8
414 5303 2
415 5315 8
416 5333 18
417 5334 42
418 5335 2
419 5339 18
420 5354 24
421 5372 58
422 5413 11
423 5414 52
424 5445 2
425 5447 46
426 5464 19
427 5478 2
428 5479 31
429 5481 16
430 5494 8
431 5499 41
432 5510 41
433 5515 5
434 5516 5
435 5518 5
436 5520 5
437 5524 8
438 5527 5
439 5529 41
440 5530 2
441 5532 29
442 5537 5
443 5550 12
444 5562 8
445 5566 8
446 5567 8
447 5573 8
448 5576 21
449 5577 23
450 5578 8
451 5579 8
452 5581 8
453 5582 8
454 5589 31
455 5594 8
456 5595 8
457 5599 27
458 5602 27
459 5604 8
460 5605 8
461 5609 8
462 5621 22
463 5654 25
464 5682 3
465 5683 3
466 5684 3
467 5687 3
468 5689 30
469 5692 3
470 5693 3
471 5694 3
472 5696 3
473 5700 43
474 5701 43
475 5702 43
476 5704 43
477 5705 43
478 5706 2
479 5708 43
480 5709 43
481 5711 43
482 5713 48
483 5714 29
484 5717 18
485 5718 13
486 5730 31
487 5780 59
488 5781 2
489 5786 60
490 5789 18
491 5799 18
492 5802 18
493 5818 9
494 5825 3
495 5833 3
496 5834 49
497 5837 49
498 5861 8
499 5862 48
500 5864 61
501 5868 6
502 5869 6
503 5870 58
504 5871 44
505 5876 61
506 5877 61
507 5878 15
508 5879 25
509 5887 28
510 5898 18
511 5901 34
512 5902 34
513 5905 43
514 5906 23
515 5909 23
516 5910 40
517 5911 23
518 5912 40
519 5921 2
520 5962 54
521 5976 48
522 6000 2
523 6009 8
524 6050 9
525 6059 11
526 6093 11
527 6119 7
528 6130 20
529 6136 15
530 6169 14
531 6176 21
532 6181 27
533 6184 31
534 6187 21
535 6188 45
536 6217 55
537 6223 55
538 6224 15
539 6232 8
540 6238 18
541 6252 57
542 6262 8
543 6272 29
544 6285 9
545 6305 11
546 6311 17
547 6342 44
548 6386 9
549 6391 48
550 6396 19
551 6416 27
552 6421 45
553 6453 6
554 6455 17
555 6456 17
556 6457 17
557 6506 2
558 6507 24
559 6513 18
560 6520 44
561 6521 12
562 6529 13
563 6543 50
564 6558 45
565 6563 33
566 6576 31
567 6613 18
568 6616 13
569 6622 8
570 6624 34
571 6632 39
572 6635 62
573 6636 62
574 6640 18
575 6641 33
576 6642 59
577 6643 59
578 6647 29
579 6708 2
580 6709 2
581 6710 2
582 6711 2
583 6712 30
584 6717 11
585 6738 19
586 6767 25
587 6772 2
588 6782 31
589 6786 18
590 6801 5
591 6804 13
592 6812 8
593 6843 13
594 6844 13
595 6853 8
596 6854 8
597 6855 59
598 6856 9
599 6857 13
600 6867 2
601 6900 29
602 6921 28
603 6950 63
604 6993 10
605 7001 8
606 7018 29
607 7082 32
608 7094 47
609 7114 18
610 7163 59
611 7164 59
612 7165 59
613 7167 29
614 7171 2
615 7178 21
616 7184 31
617 7203 63
618 7249 8
619 7260 43
620 7265 43
621 7277 25
622 7280 18
623 7284 8
624 7295 8
625 7316 28
626 7317 28
627 7323 21
628 7334 28
629 7335 31
630 7336 18
631 7345 28
632 7353 59
633 7360 44
634 7381 9
635 7384 48
636 7385 35
637 7389 18
638 7402 47
639 7408 2
640 7414 47
641 7415 53
642 7416 18
643 7417 55
644 7419 55
645 7430 54
646 7431 18
647 7458 19
648 7461 6
649 7464 11
650 7511 21
651 7514 7
652 7529 8
653 7531 8
654 7532 8
655 7533 8
656 7534 8
657 7536 44
658 7706 28
659 7781 46
660 7791 2
661 7798 48
662 7803 43
663 7846 47
664 7874 8
665 7879 58
666 7905 59
667 7917 31
668 7965 7
669 8027 36
670 8036 8
671 8050 4
672 8065 28
673 8078 28
674 8079 43
675 8148 44
676 8237 18
677 8239 2
678 8290 34
679 8294 34
680 8349 34
681 8396 30
682 8404 29
683 8411 6
684 8428 5
685 8452 28
686 8453 28
687 8454 28
688 8473 21
689 8506 2
690 8522 8
691 8536 8
692 8537 52
693 8541 18
694 8546 9
695 8570 21
696 8573 8
697 8575 18
698 8607 41
699 8618 13
700 8646 2
701 8650 8
702 8655 52
703 8671 33
704 8682 32
705 8723 37
706 8724 2
707 8745 8
708 8774 64
709 8775 19
710 8776 33
711 8803 2
712 8825 2
713 8831 2
714 8834 56
715 8867 17
716 8874 2
717 8883 28
718 8887 23
719 8898 18
720 8936 2
721 8943 43
722 8997 2
723 9040 28
724 9043 23
725 9049 29
726 9054 2
727 9097 18
728 9100 28
729 9118 18
730 9135 6
731 9143 59
732 9145 59
733 9146 18
734 9149 8
735 9181 48
736 9201 48
737 9212 8
738 9217 17
739 9218 62
740 9228 2
741 9229 2
742 9230 64
743 9253 11
744 9255 27
745 9318 45
746 9342 13
747 9349 34
748 9351 54
749 9352 19
750 9368 54
751 9369 13
752 9377 18
753 9414 2
754 9444 44
755 9446 19
756 9456 2
757 9475 34
758 9479 22
759 9491 44
760 9522 59
761 9525 31
762 9551 31
763 9554 13
764 9559 65
765 9568 17
766 9588 8
767 9590 21
768 9600 8
769 9601 2
770 9610 6
771 9632 2
772 9690 28
773 9693 23
774 9743 2
775 9751 66
776 9793 2
777 9796 57
778 9804 4
779 9826 2
780 9854 34
781 9859 48
782 9868 19
783 9885 62
784 9892 13
785 9897 18
786 9901 2
787 9922 33
788 9927 53
789 9941 34
790 9948 7
791 9961 35
792 10000 8
793 10006 2
794 10015 17
795 10016 18
796 10049 43
797 10056 43
798 10059 33
799 10061 4
800 10075 8
801 10092 67
802 10093 67
803 10097 48
804 10105 59
805 10120 48
806 10121 30
807 10128 48
808 10130 42
809 10131 7
810 10133 64
811 10135 9
812 10146 28
813 10152 2
814 10211 35
815 10213 48
816 10226 59
817 10236 2
818 10243 3
819 10247 3
820 10273 47
821 10313 59
822 10322 32
823 10342 18
824 10376 21
825 10381 21
826 10382 43
827 10383 38
828 10397 57
829 10409 60
830 10419 39
831 10439 13
832 10449 12
833 10452 4
834 10454 21
835 10457 29
836 10458 2
837 10476 4
838 10484 2
839 10486 7
840 10487 7
841 10492 44
842 10493 24
843 10498 44
844 10525 42
845 10529 48
846 10540 2
847 10542 12
848 10570 17
849 10574 63
850 10575 63
851 10576 63
852 10580 2
853 10587 43
854 10612 8
855 10617 36
856 10627 19
857 10645 8
858 10675 22
859 10681 43
860 10694 63
861 10724 21
862 10726 43
863 10728 8
864 10767 19
865 10768 18
866 10801 11
867 10808 43
868 10814 59
869 10815 13
870 10840 47
871 10890 64
872 10910 8
873 10935 44
874 10938 13
875 10953 53
876 10963 43
877 10971 8
878 10980 18
879 10982 8
880 10987 8
881 10989 16
882 11021 18
883 11033 21
884 11034 7
885 11047 31
886 11069 23
887 11076 34
888 11112 13
889 11135 25
890 11140 8
891 11151 21
892 11160 48
893 11171 26
894 11188 43
895 11235 5
896 11258 48
897 11276 6
898 11311 13
899 11315 29
900 11331 46
901 11332 31
902 11333 45
903 11336 60
904 11344 34
905 11345 23
906 11346 8
907 22843 8
908 22848 10
909 22859 3
910 22883 22
911 22884 54
912 22895 61
913 22905 30
914 22908 24
915 22919 8
916 22924 8
917 22931 23
918 22933 25
919 22941 2
920 22948 63
921 23041 34
922 23066 28
923 23092 25
924 23096 33
925 23108 8
926 23111 47
927 23114 2
928 23122 48
929 23136 8
930 23157 11
931 23170 45
932 23176 11
933 23190 53
934 23191 43
935 23192 23
936 23193 27
937 23205 9
938 23228 41
939 23236 46
940 23256 38
941 23265 18
942 23271 48
943 23284 36
944 23285 34
945 23321 21
946 23332 2
947 23335 45
948 23362 60
949 23380 39
950 23386 43
951 23474 66
952 23513 33
953 23530 48
954 23549 14
955 23558 30
956 23564 12
957 23580 25
958 23603 11
959 23637 58
960 23647 59
961 23770 43
962 23780 24
963 23786 24
964 25758 34
965 25801 5
966 25813 68
967 25824 33
968 25830 8
969 25851 2
970 25874 59
971 25885 6
972 25930 3
973 25932 41
974 25934 16
975 25977 13
976 25978 36
977 26047 41
978 26052 43
979 26056 64
980 26060 15
981 26088 6
982 26092 41
983 26128 17
984 26227 26
985 26230 17
986 26232 47
987 26275 2
988 26578 12
989 26986 44
990 27044 45
991 27101 43
992 27183 36
993 27236 59
994 27316 44
995 28227 5
996 28958 41
997 28964 21
998 28970 5
999 28989 44
1000 29072 34
1001 29767 31
1002 29789 39
1003 29924 18
1004 29925 31
1005 29959 21
1006 29966 5
1007 29978 31
1008 29979 31
1009 29993 2
1010 30011 17
1011 30845 13
1012 50488 23
1013 50813 45
1014 50855 25
1015 50944 2
1016 51004 2
1017 51056 2
1018 51090 24
1019 51100 59
1020 51138 31
1021 51143 10
1022 51144 31
1023 51155 45
1024 51164 48
1025 51286 24
1026 51377 28
1027 51382 53
1028 51400 5
1029 51412 21
1030 51429 2
1031 51451 21
1032 51466 2
1033 51479 13
1034 51493 15
1035 51517 8
1036 51520 18
1037 51552 64
1038 51555 18
1039 51566 6
1040 51569 25
1041 51571 8
1042 51596 44
1043 51606 66
1044 51645 44
1045 51678 2
1046 51699 65
1047 53358 29
1048 53616 33
1049 53822 8
1050 53918 19
1051 53938 44
1052 54187 29
1053 54205 46
1054 54331 43
1055 54443 25
1056 54472 30
1057 54521 45
1058 54585 30
1059 54704 4
1060 54769 40
1061 54828 46
1062 54862 48
1063 54918 18
1064 54927 68
1065 54938 8
1066 54940 46
1067 55004 18
1068 55102 42
1069 55157 18
1070 55198 15
1071 55201 48
1072 55210 41
1073 55229 32
1074 55233 30
1075 55236 28
1076 55346 8
1077 55466 39
1078 55577 9
1079 55605 34
1080 55611 28
1081 55631 8
1082 55697 5
1083 55699 19
1084 55737 65
1085 55738 25
1086 55739 31
1087 55740 2
1088 55748 2
1089 55750 48
1090 55752 11
1091 55754 22
1092 55770 18
1093 55823 54
1094 55844 63
1095 55856 31
1096 55914 30
1097 55964 30
1098 55967 24
1099 55968 53
1100 56005 31
1101 56243 2
1102 56267 61
1103 56648 9
1104 56829 28
1105 56850 30
1106 56896 18
1107 56904 59
1108 56947 24
1109 57017 30
1110 57030 13
1111 57118 28
1112 57142 59
1113 57348 50
1114 57447 12
1115 57471 2
1116 57524 8
1117 57584 10
1118 57599 28
1119 57605 8
1120 57617 54
1121 57662 43
1122 57698 47
1123 58473 40
1124 58497 26
1125 58512 2
1126 58513 42
1127 59338 2
1128 60484 19
1129 60491 8
1130 60682 48
1131 63893 15
1132 63908 13
1133 64145 13
1134 64342 48
1135 64422 23
1136 64423 45
1137 64601 54
1138 64744 48
1139 64756 4
1140 64837 7
1141 64853 34
1142 65009 59
1143 65082 54
1144 65108 11
1145 65991 24
1146 79012 8
1147 79026 55
1148 79187 38
1149 79641 18
1150 79784 20
1151 79876 23
1152 79885 57
1153 80017 3
1154 80124 28
1155 80150 21
1156 80221 59
1157 80262 46
1158 80273 7
1159 80318 9
1160 80331 13
1161 80349 63
1162 80700 53
1163 80725 13
1164 80728 42
1165 81567 31
1166 81609 18
1167 81631 23
1168 81873 67
1169 83451 5
1170 83658 43
1171 84056 31
1172 84254 8
1173 84263 47
1174 84284 36
1175 84303 68
1176 84335 8
1177 84364 2
1178 84446 8
1179 84457 19
1180 84816 2
1181 84959 21
1182 84966 18
1183 85358 2
1184 87178 19
1185 91452 13
1186 91663 24
1187 91782 36
1188 92399 59
1189 92609 18
1190 92675 45
1191 93664 28
1192 94097 24
1193 112476 13
1194 112574 2
1195 112755 13
1196 112936 65
1197 113146 23
1198 114569 59
1199 114789 18
1200 114793 34
1201 114876 62
1202 114882 34
1203 114971 21
1204 115827 61
1205 116841 13
1206 116986 25
1207 116988 19
1208 126298 23
1209 127281 8
1210 128866 36
1211 129285 18
1212 134957 41
1213 136319 48
1214 140690 43
1215 140885 21
1216 144402 33
1217 146691 30
1218 147179 2
1219 148252 40
1220 149371 18
1221 192683 59
1222 196403 2
1223 200186 8
1224 203068 59
1225 221184 21
1226 221692 41
1227 246213 13
1228 253260 8
1229 254863 48
1230 261726 5
1231 282974 8
1232 283578 24
1233 283638 48
1234 286262 41
1235 333926 63
1236 345557 31
1237 347733 21
1238 374291 18
1239 386617 44
1240 387680 17
1241 399687 2
1242 441518 31
1243 493856 34
1244 653689 53
