Geodesic edge Betweenness.
0 0.0162008 2
0.00251473 0.0169527 3
0.00439859 0.0172368 4
0.0229025 0.0171158 5
0.0293568 0.0171265 6
0.0311872 0.0171605 7
0.0372721 0.017118 8
0.0391039 0.017128 9
0.0403211 0.0171363 10
0.041537 0.0171394 11
0.0469445 0.0170748 12
0.0786239 0.0166353 13
0.0904901 0.0164917 14
0.0936415 0.016458 15
0.101818 0.0163071 16
0.102935 0.0162983 17
0.105426 0.0162647 18
0.107695 0.0162422 19
0.110584 0.0161837 20
0.113303 0.0161424 21
0.139177 0.0156813 22
0.141235 0.0156489 23
0.14384 0.0156104 24
0.147664 0.0155453 25
0.158114 0.0153123 26
0.169529 0.0149937 27
0.17495 0.0149084 28
0.178852 0.0148288 29
0.180551 0.0148041 30
0.184138 0.0147445 31
0.18918 0.0146299 32
0.218406 0.014166 33
0.240586 0.0137701 34
0.245289 0.0136705 35
0.268811 0.0131746 36
0.286598 0.0127687 37
0.294417 0.012561 38
0.30747 0.0122853 39
0.308282 0.0122668 40
0.320607 0.0119688 41
0.322013 0.0119415 42
0.323955 0.0118939 43
0.330682 0.0117376 44
0.332868 0.0116813 45
0.346014 0.0113698 46
0.347142 0.011322 47
0.351012 0.0111715 48
0.355806 0.010987 49
0.365113 0.0107462 50
0.400958 0.00960823 51
0.409092 0.00934162 52
0.413935 0.00908083 53
0.415295 0.00898864 54
0.422965 0.0087116 55
0.44584 0.00796164 56
0.452182 0.00762929 57
0.46035 0.00722756 58
0.461134 0.00714537 59
0.468072 0.00675897 60
0.467608 0.00635309 61
0.468343 0.00625235 62
0.472949 0.00600647 63
0.473163 0.00597299 64
0.472908 0.00577135 65
0.493131 0.00420054 66
0.493516 0.00393389 67
0.494463 0.00353863 68
0.494321 0.00348272 69
0.494186 0.00344 70
0.493525 0.00298121 71
0.491634 0.00269055 72
0.490529 0.00253857 73
0.490527 0.00251037 74
0.488762 0.0024733 75
0.488077 0.00246763 76
0.487418 0.00246 77
0.487036 0.00245449 78
0.486762 0.00242101 79
0.485081 0.00237559 80
0.484438 0.00234411 81
0.483097 0.00233829 82
0.4826 0.0023391 83
0.481853 0.00231362 84
0.480849 0.00230544 85
0.479219 0.00220769 86
0.478807 0.00220142 87
0.478238 0.00220634 88
0.476409 0.00199645 89
0.475276 0.00197087 90
0.47474 0.00197304 91
0.474495 0.00197689 92
0.473191 0.00191262 93
0.472961 0.00191489 94
0.47212 0.00191547 95
0.47081 0.00190241 96
0.470519 0.00190931 97
0.469816 0.0018978 98
0.466601 0.00177591 99
0.466084 0.00177475 100
0.464847 0.00169498 101
0.464555 0.00170182 102
0.464018 0.00170197 103
0.463735 0.00170765 104
0.46345 0.0017133 105
0.463164 0.00171884 106
0.462026 0.00171567 107
0.461522 0.00171194 108
0.459845 0.00169998 109
0.459582 0.00170282 110
0.458524 0.00166161 111
0.458259 0.00166448 112
0.45484 0.00160652 113
0.453193 0.00159004 114
0.452944 0.00159094 115
0.452093 0.00158901 116
0.451804 0.0015937 117
0.451254 0.00159291 118
0.45098 0.00159583 119
0.450743 0.00159499 120
0.450448 0.0015998 121
0.450168 0.00160307 122
0.449389 0.00159308 123
0.444959 0.00147151 124
0.44467 0.00147555 125
0.444501 0.00146659 126
0.443331 0.00146364 127
0.443042 0.00146747 128
0.442751 0.00147128 129
0.442253 0.00146341 130
0.441133 0.00145462 131
0.440535 0.00145742 132
0.439948 0.00145885 133
0.439415 0.00145437 134
0.439131 0.00145697 135
0.438841 0.00146013 136
0.438544 0.00146398 137
0.43627 0.00144286 138
0.435115 0.00143703 139
0.434522 0.00143861 140
0.434229 0.00144173 141
0.43394 0.00144433 142
0.43364 0.0014481 143
0.432821 0.0014395 144
0.431167 0.00141863 145
0.430661 0.00141002 146
0.430381 0.0014113 147
0.42893 0.0014025 148
0.427642 0.0013749 149
0.427351 0.00137725 150
0.426768 0.00137695 151
0.426495 0.00137704 152
0.426219 0.00137756 153
0.425357 0.00137282 154
0.424875 0.00136053 155
0.422004 0.00133251 156
0.4217 0.00133606 157
0.421404 0.0013386 158
0.420279 0.00132729 159
0.419701 0.00132565 160
0.419398 0.00132889 161
0.419106 0.00133072 162
0.418829 0.00133059 163
0.418547 0.00133116 164
0.418261 0.00133213 165
0.417953 0.00133554 166
0.416836 0.00132279 167
0.416535 0.0013254 168
0.416032 0.00131433 169
0.413318 0.00126512 170
0.412427 0.00126262 171
0.41212 0.00126591 172
0.411814 0.001269 173
0.411515 0.00127103 174
0.411207 0.00127421 175
0.410933 0.00127324 176
0.410647 0.0012736 177
0.410058 0.00127235 178
0.40916 0.00127045 179
0.408586 0.00126736 180
0.407978 0.00126836 181
0.407379 0.00126836 182
0.406793 0.00126653 183
0.406505 0.00126694 184
0.406213 0.00126766 185
0.405191 0.00124126 186
0.40347 0.00122325 187
0.403162 0.001226 188
0.402859 0.00122815 189
0.402554 0.00123043 190
0.40225 0.00123258 191
0.401943 0.00123494 192
0.40164 0.00123684 193
0.401032 0.00123748 194
0.400731 0.00123906 195
0.400426 0.00124111 196
0.399271 0.00123102 197
0.398971 0.00123236 198
0.39867 0.00123382 199
0.398362 0.00123614 200
0.398053 0.00123856 201
0.397748 0.00124043 202
0.397446 0.00124178 203
0.397147 0.00124279 204
0.396232 0.00124209 205
0.395933 0.00124304 206
0.394742 0.00123725 207
0.39415 0.00123532 208
0.393554 0.00123396 209
0.392661 0.00123016 210
0.392356 0.00123177 211
0.39146 0.00122838 212
0.391152 0.00123031 213
0.390841 0.00123255 214
0.39053 0.0012348 215
0.390223 0.00123652 216
0.389918 0.00123798 217
0.389321 0.00123645 218
0.389024 0.00123689 219
0.388718 0.00123834 220
0.388411 0.00123992 221
0.387835 0.00123562 222
0.387525 0.00123758 223
0.387214 0.0012396 224
0.386904 0.00124153 225
0.386593 0.00124345 226
0.386326 0.00123982 227
0.386024 0.00124066 228
0.385723 0.00124127 229
0.38457 0.00123009 230
0.384258 0.00123207 231
0.38395 0.00123363 232
0.383639 0.00123538 233
0.383335 0.00123634 234
0.383032 0.00123713 235
0.382722 0.00123879 236
0.382411 0.00124055 237
0.382101 0.00124221 238
0.381797 0.00124303 239
0.381491 0.00124406 240
0.381182 0.00124553 241
0.380896 0.00124395 242
0.380591 0.00124489 243
0.379981 0.00124445 244
0.379678 0.001245 245
0.379368 0.00124658 246
0.378747 0.00124745 247
0.378437 0.00124891 248
0.377834 0.0012476 249
0.377531 0.00124802 250
0.377227 0.0012487 251
0.376916 0.00125019 252
0.376366 0.00124204 253
0.376055 0.00124343 254
0.375758 0.00124315 255
0.375452 0.00124389 256
0.375143 0.00124506 257
0.372789 0.00122586 258
0.371583 0.00122083 259
0.371271 0.00122235 260
0.37097 0.00122239 261
0.370346 0.0012235 262
0.370073 0.00121997 263
0.369774 0.00121977 264
0.369467 0.00122058 265
0.369165 0.00122068 266
0.368855 0.00122185 267
0.368544 0.00122311 268
0.368235 0.00122419 269
0.367951 0.00122199 270
0.367641 0.00122307 271
0.36702 0.00122364 272
0.366731 0.00122204 273
0.366424 0.00122276 274
0.366113 0.00122389 275
0.365808 0.00122436 276
0.365498 0.00122533 277
0.365189 0.00122625 278
0.364596 0.00122314 279
0.364285 0.00122432 280
0.363978 0.00122488 281
0.363666 0.00122612 282
0.363355 0.00122722 283
0.363044 0.00122828 284
0.36274 0.00122847 285
0.362433 0.00122907 286
0.361588 0.00121772 287
0.361282 0.00121815 288
0.360972 0.00121895 289
0.360677 0.00121789 290
0.360089 0.00121409 291
0.359779 0.00121486 292
0.359164 0.00121444 293
0.358862 0.00121428 294
0.358552 0.00121521 295
0.358241 0.00121616 296
0.357931 0.00121689 297
0.357628 0.0012168 298
0.357317 0.00121779 299
0.357006 0.00121869 300
0.356701 0.00121888 301
0.356388 0.00121997 302
0.356077 0.0012209 303
0.355771 0.00122119 304
0.35546 0.00122204 305
0.355153 0.00122244 306
0.354843 0.00122307 307
0.35454 0.00122297 308
0.35423 0.0012236 309
0.353921 0.00122425 310
0.353607 0.00122535 311
0.353296 0.00122627 312
0.352986 0.00122692 313
0.352689 0.00122592 314
0.352376 0.00122688 315
0.352069 0.00122714 316
0.351758 0.0012279 317
0.351456 0.00122759 318
0.351147 0.00122811 319
0.350835 0.00122897 320
0.350223 0.00122784 321
0.349935 0.00122559 322
0.349626 0.0012261 323
0.349316 0.00122669 324
0.349008 0.00122698 325
0.348698 0.00122765 326
0.348387 0.00122826 327
0.348078 0.00122873 328
0.347177 0.00122424 329
0.34625 0.00122307 330
0.343883 0.00120437 331
0.343581 0.0012039 332
0.343269 0.00120465 333
0.342957 0.00120548 334
0.342644 0.00120641 335
0.342332 0.00120712 336
0.342022 0.00120763 337
0.341711 0.00120825 338
0.341404 0.00120842 339
0.341094 0.00120888 340
0.340781 0.00120969 341
0.340476 0.00120953 342
0.340165 0.00121015 343
0.339854 0.00121074 344
0.339542 0.00121143 345
0.339231 0.00121199 346
0.33892 0.00121257 347
0.338607 0.00121333 348
0.338298 0.00121364 349
0.337987 0.00121423 350
0.337677 0.00121464 351
0.337364 0.0012154 352
0.337055 0.00121563 353
0.336745 0.00121613 354
0.336435 0.00121645 355
0.335814 0.00121627 356
0.335503 0.00121682 357
0.335194 0.00121708 358
0.334582 0.00121571 359
0.334272 0.00121609 360
0.33396 0.00121667 361
0.333348 0.00121539 362
0.332743 0.00121309 363
0.332442 0.00121222 364
0.332133 0.00121247 365
0.331821 0.00121305 366
0.331524 0.00121175 367
0.330908 0.00121081 368
0.330288 0.00121046 369
0.32942 0.00120136 370
0.329115 0.00120109 371
0.328801 0.00120183 372
0.328488 0.00120255 373
0.328176 0.00120308 374
0.327872 0.00120257 375
0.327562 0.00120286 376
0.327251 0.00120331 377
0.326951 0.00120225 378
0.326639 0.00120276 379
0.326339 0.00120164 380
0.326026 0.00120229 381
0.325716 0.00120259 382
0.325404 0.00120311 383
0.325092 0.00120353 384
0.324781 0.00120388 385
0.32447 0.00120426 386
0.324166 0.00120369 387
0.323865 0.00120271 388
0.32356 0.00120236 389
0.323256 0.00120178 390
0.322944 0.00120226 391
0.322039 0.00119781 392
0.321421 0.00119715 393
0.320531 0.00119076 394
0.319919 0.00118921 395
0.318428 0.00117881 396
0.317574 0.00116749 397
0.317262 0.00116788 398
0.316952 0.00116812 399
0.31664 0.00116857 400
0.316326 0.00116921 401
0.316014 0.00116961 402
0.315706 0.00116962 403
0.315393 0.00117012 404
0.315083 0.00117032 405
0.314778 0.00116975 406
0.314464 0.00117042 407
0.314154 0.00117063 408
0.313841 0.00117106 409
0.31353 0.00117134 410
0.313221 0.00117143 411
0.312913 0.00117126 412
0.312608 0.00117064 413
0.312299 0.00117071 414
0.311991 0.0011705 415
0.311679 0.00117088 416
0.311367 0.00117125 417
0.311054 0.00117178 418
0.31074 0.00117234 419
0.310431 0.0011724 420
0.310127 0.00117164 421
0.309816 0.00117193 422
0.309518 0.00117039 423
0.309209 0.00117028 424
0.308896 0.00117074 425
0.308588 0.00117056 426
0.308277 0.00117076 427
0.30797 0.00117041 428
0.307661 0.0011704 429
0.307349 0.00117068 430
0.307042 0.00117032 431
0.306742 0.00116901 432
0.306435 0.00116864 433
0.306122 0.00116914 434
0.305809 0.0011696 435
0.305198 0.00116769 436
0.304886 0.00116799 437
0.304577 0.00116795 438
0.304269 0.00116772 439
0.303967 0.00116664 440
0.303666 0.00116541 441
0.303058 0.00116309 442
0.302137 0.0011606 443
0.301518 0.00115981 444
0.300903 0.00115842 445
0.300282 0.00115799 446
0.299724 0.00114874 447
0.29941 0.00114927 448
0.299097 0.00114976 449
0.298783 0.00115024 450
0.29847 0.00115067 451
0.298157 0.00115107 452
0.297846 0.00115115 453
0.297533 0.0011516 454
0.296907 0.00115168 455
0.296284 0.00115139 456
0.295974 0.00115143 457
0.295661 0.00115182 458
0.295347 0.00115227 459
0.295042 0.00115153 460
0.294735 0.00115112 461
0.294424 0.00115129 462
0.294113 0.00115139 463
0.2938 0.00115173 464
0.293486 0.00115225 465
0.293174 0.00115238 466
0.292862 0.00115261 467
0.292552 0.00115255 468
0.292244 0.00115228 469
0.29193 0.0011527 470
0.291617 0.00115308 471
0.291304 0.00115344 472
0.29072 0.00114774 473
0.290407 0.00114806 474
0.290102 0.00114732 475
0.2898 0.00114615 476
0.289486 0.00114657 477
0.289175 0.00114662 478
0.288862 0.00114702 479
0.288549 0.0011474 480
0.288237 0.00114751 481
0.287924 0.00114788 482
0.287612 0.00114806 483
0.287302 0.0011479 484
0.28699 0.00114805 485
0.286691 0.00114644 486
0.286382 0.00114628 487
0.286069 0.00114657 488
0.285172 0.00114047 489
0.28456 0.00113857 490
0.283949 0.00113656 491
0.283335 0.00113487 492
0.282713 0.00113437 493
0.282094 0.00113342 494
0.280584 0.00112489 495
0.279996 0.00111969 496
0.279401 0.00111533 497
0.279087 0.00111575 498
0.278777 0.00111551 499
0.278464 0.00111579 500
0.27815 0.00111624 501
0.277837 0.00111659 502
0.277523 0.00111698 503
0.27721 0.00111725 504
0.276901 0.00111696 505
0.276588 0.00111732 506
0.276274 0.00111767 507
0.275965 0.00111738 508
0.275349 0.00111601 509
0.27504 0.00111571 510
0.274726 0.00111601 511
0.274417 0.00111576 512
0.27381 0.0011131 513
0.273498 0.00111322 514
0.273185 0.00111345 515
0.272878 0.00111278 516
0.272566 0.00111292 517
0.272254 0.00111307 518
0.271941 0.00111335 519
0.271627 0.00111369 520
0.271315 0.00111374 521
0.271002 0.00111404 522
0.270689 0.00111429 523
0.27038 0.00111397 524
0.270067 0.0011142 525
0.26976 0.00111347 526
0.269448 0.00111367 527
0.269136 0.00111367 528
0.268824 0.00111374 529
0.268511 0.00111397 530
0.268199 0.00111407 531
0.267886 0.00111434 532
0.267573 0.00111449 533
0.267263 0.00111429 534
0.26695 0.00111455 535
0.266643 0.00111386 536
0.266333 0.00111376 537
0.26603 0.00111246 538
0.265716 0.00111286 539
0.265092 0.00111256 540
0.264778 0.0011129 541
0.264472 0.00111205 542
0.264159 0.00111222 543
0.26385 0.00111189 544
0.263539 0.00111186 545
0.263225 0.00111217 546
0.262914 0.001112 547
0.2626 0.00111239 548
0.262293 0.00111176 549
0.261981 0.00111183 550
0.261668 0.00111202 551
0.261355 0.00111212 552
0.260432 0.00110955 553
0.260118 0.00110981 554
0.259808 0.0011096 555
0.259495 0.00110984 556
0.259184 0.00110962 557
0.25887 0.00110994 558
0.258556 0.00111028 559
0.258244 0.00111038 560
0.25793 0.0011106 561
0.257626 0.00110954 562
0.257314 0.00110957 563
0.257001 0.00110975 564
0.256688 0.00110988 565
0.256381 0.00110924 566
0.256069 0.00110929 567
0.255755 0.00110959 568
0.255447 0.00110901 569
0.254825 0.00110835 570
0.254204 0.00110752 571
0.253583 0.00110656 572
0.252968 0.00110495 573
0.252352 0.00110338 574
0.251756 0.00109898 575
0.250531 0.00109441 576
0.249912 0.00109327 577
0.249292 0.00109216 578
0.24867 0.00109153 579
0.248356 0.0010918 580
0.248042 0.00109205 581
0.247728 0.00109236 582
0.247416 0.00109235 583
0.247102 0.00109264 584
0.246788 0.00109295 585
0.246474 0.00109326 586
0.24616 0.00109347 587
0.245846 0.00109377 588
0.245532 0.0010941 589
0.245218 0.00109435 590
0.244903 0.00109469 591
0.244595 0.00109407 592
0.244281 0.0010944 593
0.243967 0.0010947 594
0.24366 0.001094 595
0.243047 0.00109197 596
0.242433 0.00108997 597
0.242119 0.00109031 598
0.241806 0.0010904 599
0.241491 0.00109073 600
0.241178 0.0010909 601
0.240864 0.00109118 602
0.240551 0.00109134 603
0.240238 0.00109142 604
0.239924 0.00109162 605
0.23961 0.00109193 606
0.239297 0.00109202 607
0.238984 0.00109207 608
0.238674 0.0010918 609
0.238364 0.0010915 610
0.238062 0.00109005 611
0.237747 0.00109033 612
0.237433 0.00109063 613
0.237122 0.00109044 614
0.236809 0.00109046 615
0.236495 0.00109071 616
0.235584 0.00108617 617
0.235279 0.00108517 618
0.234967 0.00108517 619
0.234349 0.00108374 620
0.234042 0.00108293 621
0.233732 0.00108262 622
0.23342 0.00108252 623
0.233107 0.00108267 624
0.232794 0.00108281 625
0.232173 0.0010818 626
0.231859 0.00108208 627
0.231544 0.00108238 628
0.23124 0.00108125 629
0.230926 0.00108135 630
0.230615 0.00108121 631
0.230304 0.00108097 632
0.22999 0.00108119 633
0.229681 0.00108077 634
0.229366 0.00108106 635
0.229053 0.0010811 636
0.228744 0.00108057 637
0.228431 0.00108077 638
0.228118 0.00108074 639
0.227808 0.0010804 640
0.227497 0.0010802 641
0.227182 0.00108049 642
0.226868 0.00108073 643
0.226554 0.00108102 644
0.22624 0.00108119 645
0.225926 0.00108134 646
0.225612 0.00108159 647
0.2253 0.0010815 648
0.22499 0.00108107 649
0.224677 0.00108123 650
0.224373 0.0010799 651
0.224059 0.00108011 652
0.223746 0.00108023 653
0.223432 0.00108035 654
0.223119 0.00108048 655
0.222808 0.00108018 656
0.222494 0.00108036 657
0.222184 0.00107999 658
0.221878 0.00107911 659
0.221563 0.00107936 660
0.221253 0.00107893 661
0.220939 0.00107913 662
0.220629 0.00107884 663
0.219718 0.00107423 664
0.218823 0.00106711 665
0.217906 0.00106333 666
0.217292 0.00106138 667
0.216674 0.00105982 668
0.216049 0.00105948 669
0.215428 0.00105845 670
0.214516 0.00105386 671
0.21391 0.00105067 672
0.213302 0.00104766 673
0.212693 0.0010449 674
0.211761 0.00104332 675
0.211142 0.00104186 676
0.210224 0.000989132 677
0.209295 0.000986913 678
0.208982 0.000986942 679
0.208668 0.000987248 680
0.208353 0.000987497 681
0.208039 0.000987681 682
0.207413 0.000987468 683
0.2071 0.00098746 684
0.206785 0.000987761 685
0.206161 0.000987228 686
0.205847 0.000987479 687
0.205532 0.000987721 688
0.205218 0.000987906 689
0.204904 0.000988169 690
0.20459 0.000988281 691
0.204276 0.000988495 692
0.203962 0.000988708 693
0.203647 0.00098896 694
0.203333 0.000989194 695
0.203018 0.000989436 696
0.202704 0.000989732 697
0.202389 0.000990011 698
0.202075 0.000990241 699
0.201469 0.000986657 700
0.201156 0.00098676 701
0.200841 0.000986965 702
0.200527 0.000987177 703
0.200217 0.000986738 704
0.199903 0.000986979 705
0.199588 0.000987244 706
0.199274 0.00098742 707
0.198959 0.000987691 708
0.198647 0.00098758 709
0.198332 0.000987833 710
0.198018 0.00098803 711
0.197704 0.000988217 712
0.19739 0.000988341 713
0.197076 0.000988598 714
0.196761 0.000988862 715
0.196447 0.000989061 716
0.196133 0.000989086 717
0.19582 0.000989221 718
0.195505 0.000989434 719
0.195191 0.000989646 720
0.194876 0.000989889 721
0.194564 0.000989807 722
0.19425 0.000989945 723
0.193628 0.000988984 724
0.193314 0.000989176 725
0.192999 0.000989414 726
0.192685 0.000989526 727
0.192372 0.000989573 728
0.192064 0.000988742 729
0.191452 0.000986118 730
0.19114 0.000986083 731
0.190827 0.000986032 732
0.190513 0.000986107 733
0.1902 0.000986142 734
0.189885 0.000986382 735
0.189578 0.000985447 736
0.189264 0.000985551 737
0.188951 0.000985558 738
0.188341 0.00098268 739
0.188028 0.000982638 740
0.187717 0.000982277 741
0.187111 0.000978708 742
0.186806 0.000977416 743
0.186191 0.000975256 744
0.185877 0.000975499 745
0.185563 0.000975548 746
0.185249 0.000975693 747
0.184936 0.000975717 748
0.184622 0.000975812 749
0.18431 0.000975602 750
0.184005 0.000974348 751
0.183691 0.000974425 752
0.183378 0.000974373 753
0.183072 0.000973187 754
0.182464 0.000969994 755
0.18215 0.00097006 756
0.181837 0.000970021 757
0.181523 0.000970174 758
0.181209 0.000970351 759
0.180895 0.000970471 760
0.180582 0.00097046 761
0.180268 0.000970587 762
0.179954 0.000970664 763
0.179645 0.000969894 764
0.179041 0.000966075 765
0.178726 0.000966296 766
0.178411 0.000966492 767
0.178098 0.000966509 768
0.177787 0.000966137 769
0.177473 0.000966347 770
0.176847 0.000965909 771
0.176234 0.000963459 772
0.175921 0.000963294 773
0.175613 0.000962495 774
0.1753 0.000962442 775
0.174987 0.00096247 776
0.174677 0.00096183 777
0.174365 0.00096171 778
0.174059 0.000960369 779
0.173745 0.000960565 780
0.173432 0.000960573 781
0.173117 0.000960776 782
0.172803 0.000960848 783
0.17249 0.000960862 784
0.172176 0.000960998 785
0.171631 0.000947149 786
0.171021 0.000944109 787
0.170707 0.000944237 788
0.170395 0.000944008 789
0.170084 0.000943629 790
0.169771 0.000943523 791
0.169457 0.000943664 792
0.169144 0.000943631 793
0.168829 0.000943813 794
0.168515 0.000944019 795
0.168201 0.00094405 796
0.167887 0.000944122 797
0.167573 0.000944301 798
0.167265 0.000943319 799
0.166951 0.000943522 800
0.166637 0.000943533 801
0.166324 0.00094347 802
0.16601 0.000943529 803
0.165696 0.000943713 804
0.165381 0.000943912 805
0.165067 0.000944028 806
0.164451 0.00094202 807
0.164138 0.000941845 808
0.163828 0.000941402 809
0.163518 0.000940702 810
0.163204 0.000940856 811
0.162889 0.000941077 812
0.162576 0.000941097 813
0.162264 0.000940751 814
0.161955 0.000940072 815
0.161641 0.000940082 816
0.161328 0.000940067 817
0.161014 0.000940117 818
0.1607 0.000940226 819
0.160388 0.000939992 820
0.160074 0.000940124 821
0.159759 0.000940289 822
0.159445 0.000940361 823
0.159133 0.000940109 824
0.158821 0.000939981 825
0.158195 0.00093956 826
0.157885 0.000938931 827
0.157572 0.000938909 828
0.157257 0.00093907 829
0.156944 0.000939013 830
0.156634 0.000938456 831
0.155698 0.000937198 832
0.154762 0.000935837 833
0.153831 0.000933854 834
0.152905 0.000930875 835
0.151968 0.00092973 836
0.151341 0.000929467 837
0.150713 0.000929388 838
0.15009 0.000928484 839
0.149462 0.000928388 840
0.148842 0.000926874 841
0.14822 0.000925814 842
0.1476 0.00092443 843
0.146977 0.00092345 844
0.146351 0.000923012 845
0.145734 0.000921045 846
0.145112 0.000919856 847
0.144489 0.000919048 848
0.143866 0.000918094 849
0.143255 0.000915047 850
0.14264 0.000912717 851
0.142021 0.000911026 852
0.141097 0.0009076 853
0.140164 0.000905872 854
0.13923 0.000904243 855
0.138295 0.00090262 856
0.137375 0.00089856 857
0.13706 0.000898711 858
0.136432 0.000898766 859
0.135492 0.000898088 860
0.134863 0.000898203 861
0.134548 0.000898422 862
0.134233 0.000898631 863
0.133919 0.00089877 864
0.133291 0.000898638 865
0.132665 0.000898141 866
0.13235 0.000898322 867
0.132036 0.00089852 868
0.131726 0.000897846 869
0.131411 0.00089806 870
0.131096 0.000898257 871
0.130781 0.00089847 872
0.130467 0.000898613 873
0.129838 0.000898598 874
0.129524 0.000898757 875
0.129209 0.000898951 876
0.128895 0.000898935 877
0.128581 0.000899075 878
0.128266 0.00089925 879
0.127951 0.000899458 880
0.127637 0.000899666 881
0.127322 0.000899857 882
0.127007 0.000900064 883
0.126692 0.000900227 884
0.126065 0.000900068 885
0.12575 0.000900186 886
0.125436 0.000900356 887
0.124806 0.000900491 888
0.124492 0.000900634 889
0.124178 0.000900542 890
0.123552 0.000900241 891
0.123237 0.000900435 892
0.122922 0.000900602 893
0.122608 0.000900699 894
0.122295 0.000900466 895
0.121667 0.000900337 896
0.121353 0.000900502 897
0.120728 0.000899859 898
0.120413 0.00090004 899
0.120098 0.000900187 900
0.119784 0.000900333 901
0.119469 0.000900495 902
0.119155 0.000900606 903
0.118841 0.000900576 904
0.118527 0.000900651 905
0.118213 0.000900794 906
0.117898 0.000900972 907
0.117583 0.000901167 908
0.116961 0.000899945 909
0.116646 0.000900139 910
0.116332 0.000900263 911
0.116017 0.000900421 912
0.115389 0.000900327 913
0.115074 0.000900502 914
0.11476 0.000900658 915
0.114447 0.00090038 916
0.114133 0.000900562 917
0.113818 0.000900665 918
0.113503 0.000900855 919
0.113189 0.000901009 920
0.112874 0.000901163 921
0.111959 0.000896061 922
0.111334 0.000895499 923
0.111019 0.000895653 924
0.110704 0.000895841 925
0.11008 0.000894998 926
0.109766 0.000895045 927
0.109452 0.000895066 928
0.109138 0.000895226 929
0.108824 0.00089529 930
0.108509 0.000895457 931
0.108194 0.000895607 932
0.10788 0.00089574 933
0.107565 0.000895871 934
0.10725 0.000896037 935
0.106935 0.000896203 936
0.106621 0.000896307 937
0.106306 0.000896472 938
0.105993 0.000896304 939
0.105374 0.000894696 940
0.105059 0.000894868 941
0.104744 0.000895032 942
0.104431 0.000894924 943
0.104116 0.000895068 944
0.103487 0.000895143 945
0.103172 0.000895296 946
0.102858 0.00089544 947
0.102543 0.000895583 948
0.102229 0.000895691 949
0.101603 0.000895091 950
0.101289 0.00089518 951
0.100977 0.000894745 952
0.100663 0.000894799 953
0.100034 0.000894809 954
0.0997206 0.000894783 955
0.0991216 0.000889507 956
0.0988071 0.00088963 957
0.0984927 0.000889718 958
0.0981783 0.000889805 959
0.0978658 0.000889575 960
0.0975509 0.00088974 961
0.0972377 0.000889623 962
0.0969231 0.000889753 963
0.0966091 0.000889767 964
0.0962946 0.000889878 965
0.0959804 0.000889936 966
0.0956664 0.000889949 967
0.0953524 0.00088998 968
0.0950383 0.00089001 969
0.0947236 0.000890146 970
0.0944088 0.000890307 971
0.0940945 0.000890388 972
0.0934691 0.000889776 973
0.0928485 0.0008883 974
0.0925348 0.000888258 975
0.091908 0.000887889 976
0.0915949 0.000887758 977
0.0912805 0.000887838 978
0.0909667 0.000887811 979
0.0906519 0.000887978 980
0.090337 0.000888145 981
0.0900225 0.00088824 982
0.0897086 0.000888248 983
0.0893938 0.000888404 984
0.089079 0.000888552 985
0.0887642 0.000888708 986
0.0884497 0.000888801 987
0.0881351 0.000888921 988
0.0878221 0.00088875 989
0.0875079 0.000888808 990
0.0871933 0.000888918 991
0.0865929 0.00088385 992
0.0862782 0.000883977 993
0.0859636 0.000884104 994
0.0856492 0.000884178 995
0.0853344 0.000884322 996
0.0850198 0.000884448 997
0.0847088 0.00088392 998
0.0843961 0.0008837 999
0.0837676 0.000883613 1000
0.083454 0.000883551 1001
0.0831398 0.000883596 1002
0.0828249 0.000883755 1003
0.0825102 0.000883897 1004
0.0821953 0.000884055 1005
0.0818824 0.00088386 1006
0.0815701 0.000883558 1007
0.0812568 0.000883441 1008
0.0809425 0.00088351 1009
0.0803325 0.000880111 1010
0.0800183 0.000880153 1011
0.0797036 0.000880283 1012
0.0793887 0.00088044 1013
0.0787713 0.000878373 1014
0.0784596 0.00087796 1015
0.078145 0.00087808 1016
0.077517 0.000877897 1017
0.0772022 0.000878043 1018
0.0768878 0.000878109 1019
0.0765759 0.000877747 1020
0.0762651 0.000877171 1021
0.0759503 0.000877307 1022
0.0756362 0.000877318 1023
0.075324 0.000877008 1024
0.0750108 0.000876858 1025
0.0746969 0.000876832 1026
0.0743831 0.000876788 1027
0.0737785 0.000872399 1028
0.073467 0.000871942 1029
0.0728558 0.000868726 1030
0.0722412 0.00086612 1031
0.0719292 0.000865749 1032
0.0716144 0.000865884 1033
0.0712999 0.000865963 1034
0.0709852 0.000866088 1035
0.0706719 0.000865959 1036
0.0703576 0.000866002 1037
0.0700474 0.000865304 1038
0.0697342 0.000865156 1039
0.0688046 0.000862537 1040
0.0684907 0.000862515 1041
0.0681785 0.000862184 1042
0.0678636 0.000862325 1043
0.0675489 0.000862456 1044
0.0672345 0.000862514 1045
0.06692 0.000862609 1046
0.0663087 0.000859361 1047
0.065996 0.000859118 1048
0.0656817 0.000859148 1049
0.0650667 0.000856581 1050
0.0647524 0.000856619 1051
0.064438 0.000856694 1052
0.0641245 0.000856586 1053
0.0638136 0.000856012 1054
0.063499 0.000856104 1055
0.0631851 0.000856077 1056
0.0628702 0.000856223 1057
0.0625572 0.000856022 1058
0.062243 0.000856049 1059
0.0616225 0.000854485 1060
0.0613078 0.000854603 1061
0.0609978 0.000853851 1062
0.0603877 0.000850345 1063
0.0600779 0.000849542 1064
0.0597642 0.000849476 1065
0.0594496 0.000849565 1066
0.0591388 0.000848955 1067
0.0588241 0.000849071 1068
0.0585132 0.000848487 1069
0.0582057 0.000847266 1070
0.0578959 0.000846468 1071
0.0575912 0.000844707 1072
0.0572764 0.000844841 1073
0.0569619 0.00084491 1074
0.0566496 0.00084459 1075
0.0563403 0.000843695 1076
0.056026 0.000843717 1077
0.0557138 0.000843368 1078
0.0553991 0.000843473 1079
0.0550926 0.000842056 1080
0.0541578 0.000840329 1081
0.0538437 0.000840322 1082
0.0532233 0.000838693 1083
0.0529087 0.000838788 1084
0.052594 0.00083891 1085
0.0522791 0.000839041 1086
0.0519666 0.000838753 1087
0.0516519 0.000838855 1088
0.0513615 0.000834379 1089
0.0510478 0.000834303 1090
0.0507338 0.000834293 1091
0.0501052 0.000834198 1092
0.0497908 0.000834244 1093
0.0494767 0.000834233 1094
0.0491619 0.000834371 1095
0.0488501 0.000833919 1096
0.0485354 0.000834039 1097
0.0482243 0.000833464 1098
0.0476034 0.000831912 1099
0.046983 0.000830262 1100
0.0461037 0.000817868 1101
0.045789 0.000817988 1102
0.0454844 0.000816137 1103
0.0451716 0.000815893 1104
0.0448571 0.000815955 1105
0.0445434 0.000815864 1106
0.0442289 0.000815945 1107
0.0433033 0.000812357 1108
0.0426984 0.000807651 1109
0.0420768 0.000806181 1110
0.0414531 0.000805126 1111
0.0411447 0.000803992 1112
0.0408303 0.000804043 1113
0.040521 0.000803092 1114
0.0402081 0.000802841 1115
0.0398933 0.000802969 1116
0.0395785 0.000803097 1117
0.0392657 0.000802826 1118
0.0389514 0.000802865 1119
0.0386456 0.000801219 1120
0.0383327 0.000800965 1121
0.0380185 0.000800965 1122
0.0373945 0.000799968 1123
0.0370825 0.000799538 1124
0.0367693 0.000799341 1125
0.0364585 0.000798675 1126
0.0361437 0.000798791 1127
0.0358397 0.00079679 1128
0.0355339 0.000795138 1129
0.0352193 0.000795214 1130
0.0346004 0.000793184 1131
0.0342859 0.00079324 1132
0.0339717 0.000793257 1133
0.0336568 0.000793392 1134
0.0333422 0.000793477 1135
0.0330274 0.000793601 1136
0.0327127 0.000793705 1137
0.032398 0.000793789 1138
0.0320982 0.000790933 1139
0.0317855 0.000790641 1140
0.0314712 0.000790656 1141
0.0308708 0.000784914 1142
0.0305562 0.000784978 1143
0.0302433 0.000784733 1144
0.0299285 0.000784846 1145
0.0296191 0.000783883 1146
0.0293044 0.000783976 1147
0.02899 0.000784028 1148
0.028681 0.000782983 1149
0.0283694 0.000782456 1150
0.0280546 0.000782568 1151
0.0277414 0.00078236 1152
0.0274269 0.000782421 1153
0.0271134 0.000782273 1154
0.0268057 0.000780964 1155
0.0264937 0.000780514 1156
0.026179 0.000780614 1157
0.025865 0.000780584 1158
0.0255501 0.000780715 1159
0.0252353 0.000780824 1160
0.0249216 0.000780734 1161
0.0246075 0.000780703 1162
0.0242933 0.000780702 1163
0.0239786 0.00078079 1164
0.0236643 0.000780819 1165
0.0233505 0.000780727 1166
0.0230361 0.000780755 1167
0.0227229 0.000780542 1168
0.0224084 0.00078061 1169
0.0220984 0.000779755 1170
0.0217837 0.000779852 1171
0.0214695 0.000779849 1172
0.0211597 0.000778952 1173
0.0208516 0.000777693 1174
0.020537 0.000777779 1175
0.020223 0.000777725 1176
0.0199112 0.000777237 1177
0.0195966 0.000777303 1178
0.019282 0.000777378 1179
0.0189728 0.000776346 1180
0.0186581 0.000776451 1181
0.0183452 0.000776174 1182
0.0180332 0.000775714 1183
0.0177235 0.0007748 1184
0.0174099 0.000774662 1185
0.0170954 0.000774706 1186
0.0167844 0.000774043 1187
0.0161612 0.000772822 1188
0.0158468 0.000772855 1189
0.0155325 0.000772857 1190
0.0152195 0.000772596 1191
0.0149093 0.000771778 1192
0.014597 0.000771374 1193
0.014285 0.000770909 1194
0.013974 0.000770241 1195
0.0136615 0.000769896 1196
0.0133486 0.000769613 1197
0.0130381 0.00076884 1198
0.0127275 0.000768088 1199
0.0124127 0.000768189 1200
0.0120992 0.000768047 1201
0.0117951 0.000765946 1202
0.0111701 0.000765067 1203
0.0102573 0.000758581 1204
0.00994338 0.000758507 1205
0.00963576 0.000757123 1206
0.00932705 0.000755964 1207
0.00901328 0.000755859 1208
0.00870492 0.000754625 1209
0.00840186 0.000752277 1210
0.00808958 0.000751859 1211
0.00777581 0.000751752 1212
0.00746997 0.000749979 1213
0.00715581 0.000749954 1214
0.00684154 0.000749951 1215
0.00652926 0.00074953 1216
0.00621459 0.000749609 1217
0.00590043 0.000749584 1218
0.00558567 0.000749683 1219
0.00527586 0.000748739 1220
0.00498541 0.000743706 1221
0.00467104 0.000743721 1222
0.00435667 0.000743737 1223
0.00404588 0.000742995 1224
0.00373181 0.000742947 1225
0.00343471 0.000739291 1226
0.00312347 0.000738639 1227
0.00280925 0.000738621 1228
0.00249751 0.000738074 1229
0.00218359 0.000737993 1230
0.00186913 0.000738028 1231
0.0015634 0.000736196 1232
0.00124903 0.000736209 1233
0.000935656 0.00073601 1234
0.000323442 0.000732349 1235
1.0416e-05 0.000732074 1236
-0.000303354 0.000731958 1237
